#Voyager-2 (52 day average)
#130.544 - 151.511 MeV/n Helium flux derived from IIP
#151.511 - 185.250 MeV/n Helium flux derived from IIP
#185.250 - 244.873 MeV/n Helium flux derived from IIP
#244.873 - 276.472 MeV/n Helium flux derived from IIP
#276.472 - 373.755 MeV/n Helium flux derived from IIP
#373.755 - 458.807 MeV/n Helium flux derived from IIP
2007.000000 6.566e-01  2.038e-02   1038 6.290e-01  1.572e-02   1600 6.264e-01  1.180e-02   2816 5.809e-01  1.561e-02   1384 5.074e-01  8.317e-03   3722 3.914e-01  7.812e-03   2510
2007.142466 6.608e-01  2.220e-02    886 6.461e-01  1.731e-02   1394 6.347e-01  1.290e-02   2420 5.726e-01  1.683e-02   1157 5.257e-01  9.193e-03   3270 4.084e-01  8.665e-03   2221
2007.284932 6.813e-01  2.157e-02    998 6.902e-01  1.711e-02   1627 6.695e-01  1.268e-02   2789 5.943e-01  1.641e-02   1312 5.485e-01  8.983e-03   3728 4.219e-01  8.426e-03   2507
2007.427397 7.281e-01  1.820e-02   1601 6.981e-01  1.405e-02   2470 6.804e-01  1.043e-02   4254 6.057e-01  1.352e-02   2007 5.441e-01  7.303e-03   5551 4.199e-01  6.861e-03   3745
2007.569863 7.315e-01  2.151e-02   1156 6.779e-01  1.633e-02   1724 6.774e-01  1.228e-02   3044 6.105e-01  1.601e-02   1454 5.470e-01  8.637e-03   4011 4.064e-01  7.962e-03   2605
2007.712329 7.113e-01  2.469e-02    830 7.190e-01  1.957e-02   1350 6.685e-01  1.419e-02   2218 6.352e-01  1.901e-02   1117 5.465e-01  1.005e-02   2959 4.331e-01  9.566e-03   2050
2007.854795 7.554e-01  2.419e-02    975 7.318e-01  1.877e-02   1520 7.029e-01  1.384e-02   2580 6.215e-01  1.788e-02   1209 5.465e-01  9.553e-03   3273 4.360e-01  9.126e-03   2283
2007.997260 7.347e-01  2.405e-02    933 7.360e-01  1.898e-02   1504 6.826e-01  1.375e-02   2465 5.951e-01  1.763e-02   1139 5.627e-01  9.773e-03   3316 4.236e-01  9.067e-03   2182
2008.139344 7.201e-01  2.448e-02    865 7.388e-01  1.955e-02   1428 6.938e-01  1.425e-02   2370 6.281e-01  1.863e-02   1137 5.742e-01  1.015e-02   3200 4.542e-01  9.655e-03   2213
2008.281421 7.898e-01  2.182e-02   1310 7.325e-01  1.657e-02   1955 6.948e-01  1.214e-02   3277 6.525e-01  1.616e-02   1631 5.576e-01  8.512e-03   4291 4.524e-01  8.200e-03   3044
2008.423497 7.634e-01  2.235e-02   1167 7.415e-01  1.736e-02   1824 6.963e-01  1.266e-02   3027 6.398e-01  1.666e-02   1474 5.698e-01  8.963e-03   4042 4.481e-01  8.501e-03   2779
2008.565574 7.815e-01  2.491e-02    984 7.517e-01  1.926e-02   1523 7.049e-01  1.403e-02   2524 6.298e-01  1.822e-02   1195 5.686e-01  9.866e-03   3322 4.486e-01  9.371e-03   2291
2008.707650 7.838e-01  2.783e-02    793 7.598e-01  2.160e-02   1237 7.140e-01  1.575e-02   2054 6.428e-01  2.053e-02    980 5.769e-01  1.109e-02   2708 4.605e-01  1.059e-02   1890
2008.849727 8.391e-01  2.892e-02    842 7.821e-01  2.201e-02   1263 7.345e-01  1.604e-02   2096 6.930e-01  2.141e-02   1048 5.842e-01  1.120e-02   2720 4.830e-01  1.089e-02   1966
2008.991803 8.576e-01  3.660e-02    549 7.688e-01  2.732e-02    792 7.377e-01  2.013e-02   1343 6.509e-01  2.597e-02    628 6.026e-01  1.424e-02   1790 4.794e-01  1.359e-02   1245
2009.134247 8.346e-01  3.143e-02    705 8.467e-01  2.496e-02   1151 7.381e-01  1.753e-02   1773 6.519e-01  2.263e-02    830 6.059e-01  1.243e-02   2375 4.911e-01  1.197e-02   1683
2009.276712 7.690e-01  2.635e-02    852 7.937e-01  2.110e-02   1415 7.329e-01  1.525e-02   2309 6.474e-01  1.969e-02   1081 6.097e-01  1.089e-02   3134 4.517e-01  1.003e-02   2030
2009.419178 8.586e-01  2.468e-02   1210 7.858e-01  1.861e-02   1782 7.214e-01  1.342e-02   2891 6.535e-01  1.754e-02   1388 5.735e-01  9.365e-03   3750 4.590e-01  8.960e-03   2624
2009.561644 7.845e-01  2.423e-02   1048 7.736e-01  1.897e-02   1663 7.400e-01  1.396e-02   2811 6.552e-01  1.804e-02   1319 5.781e-01  9.657e-03   3583 4.682e-01  9.295e-03   2537
2009.704110 7.771e-01  2.411e-02   1039 7.581e-01  1.877e-02   1631 7.096e-01  1.366e-02   2698 6.387e-01  1.780e-02   1287 5.718e-01  9.600e-03   3547 4.445e-01  9.053e-03   2411
2009.846575 8.110e-01  2.515e-02   1040 7.783e-01  1.942e-02   1606 7.048e-01  1.390e-02   2570 6.064e-01  1.771e-02   1172 5.662e-01  9.755e-03   3369 4.446e-01  9.245e-03   2313
2009.989041 8.365e-01  2.450e-02   1166 7.682e-01  1.851e-02   1723 7.344e-01  1.361e-02   2911 6.355e-01  1.739e-02   1335 5.815e-01  9.483e-03   3761 4.533e-01  8.954e-03   2563
2010.131507 8.420e-01  2.597e-02   1051 7.995e-01  1.995e-02   1606 6.826e-01  1.387e-02   2423 6.368e-01  1.840e-02   1198 5.577e-01  9.813e-03   3230 4.584e-01  9.514e-03   2321
2010.273973 7.525e-01  3.667e-02    421 7.786e-01  2.941e-02    701 7.574e-01  2.182e-02   1205 6.286e-01  2.730e-02    530 5.524e-01  1.459e-02   1434 4.882e-01  1.467e-02   1108
2010.416438 8.374e-01  2.602e-02   1036 8.032e-01  2.009e-02   1599 7.592e-01  1.469e-02   2671 6.559e-01  1.876e-02   1223 5.768e-01  1.002e-02   3311 4.705e-01  9.682e-03   2361
2010.558904 9.220e-01  2.905e-02   1007 8.125e-01  2.150e-02   1428 7.399e-01  1.543e-02   2298 6.543e-01  1.994e-02   1077 5.960e-01  1.084e-02   3020 4.866e-01  1.048e-02   2156
2010.701370 9.069e-01  3.208e-02    799 8.563e-01  2.458e-02   1214 7.759e-01  1.760e-02   1944 6.522e-01  2.216e-02    866 6.199e-01  1.231e-02   2534 5.165e-01  1.202e-02   1846
2010.843836 9.649e-01  3.929e-02    603 8.284e-01  2.870e-02    833 7.839e-01  2.100e-02   1393 6.095e-01  2.544e-02    574 6.111e-01  1.452e-02   1772 5.140e-01  1.424e-02   1303
2010.986301 9.416e-01  4.056e-02    539 8.674e-01  3.069e-02    799 8.140e-01  2.236e-02   1325 7.488e-01  2.946e-02    646 6.024e-01  1.506e-02   1600 5.478e-01  1.536e-02   1272
2011.128767 9.353e-01  4.243e-02    486 9.281e-01  3.332e-02    776 7.905e-01  2.313e-02   1168 7.125e-01  3.016e-02    558 6.728e-01  1.670e-02   1622 5.560e-01  1.624e-02   1172
2011.271233 1.086e+00  4.502e-02    582 9.487e-01  3.317e-02    818 8.388e-01  2.346e-02   1278 7.145e-01  2.975e-02    577 6.910e-01  1.667e-02   1718 5.995e-01  1.661e-02   1303
2011.413699 1.059e+00  4.084e-02    672 9.369e-01  3.029e-02    957 8.166e-01  2.127e-02   1474 7.359e-01  2.773e-02    704 7.042e-01  1.546e-02   2074 5.786e-01  1.499e-02   1490
2011.556164 1.049e+00  4.119e-02    648 9.604e-01  3.108e-02    955 8.843e-01  2.243e-02   1554 7.902e-01  2.913e-02    736 7.003e-01  1.563e-02   2008 5.736e-01  1.513e-02   1438
2011.698630 1.096e+00  4.541e-02    583 1.002e+00  3.421e-02    857 8.935e-01  2.431e-02   1351 7.849e-01  3.130e-02    629 6.716e-01  1.650e-02   1657 6.069e-01  1.677e-02   1309
2011.841096 1.219e+00  5.850e-02    434 1.010e+00  4.199e-02    579 9.380e-01  3.043e-02    950 6.838e-01  3.569e-02    367 7.365e-01  2.111e-02   1217 6.520e-01  2.124e-02    942
2011.983562 1.125e+00  5.858e-02    369 1.061e+00  4.485e-02    560 8.644e-01  3.045e-02    806 7.912e-01  4.001e-02    391 6.928e-01  2.134e-02   1054 5.646e-01  2.060e-02    751
2012.125683 1.055e+00  5.414e-02    380 1.068e+00  4.294e-02    619 9.278e-01  3.010e-02    950 7.223e-01  3.648e-02    392 7.033e-01  2.052e-02   1175 5.908e-01  2.011e-02    863
2012.267760 1.160e+00  4.853e-02    571 1.046e+00  3.634e-02    829 8.412e-01  2.451e-02   1178 8.004e-01  3.284e-02    594 7.454e-01  1.806e-02   1703 5.862e-01  1.713e-02   1171
2012.409836 1.144e+00  5.148e-02    494 1.015e+00  3.822e-02    705 9.351e-01  2.760e-02   1148 7.546e-01  3.405e-02    491 7.313e-01  1.911e-02   1465 5.835e-01  1.825e-02   1022
2012.551913 1.161e+00  4.891e-02    563 1.008e+00  3.594e-02    787 8.968e-01  2.550e-02   1237 7.865e-01  3.280e-02    575 7.295e-01  1.800e-02   1642 6.180e-01  1.772e-02   1216
2012.693989 9.925e-01  5.092e-02    380 9.788e-01  3.986e-02    603 8.735e-01  2.832e-02    951 8.440e-01  3.825e-02    487 7.132e-01  2.004e-02   1267 5.885e-01  1.947e-02    914
2012.836066 9.417e-01  5.568e-02    286 9.863e-01  4.492e-02    482 8.673e-01  3.169e-02    749 7.669e-01  4.093e-02    351 6.834e-01  2.202e-02    963 5.658e-01  2.143e-02    697
2012.978142 1.018e+00  5.691e-02    320 9.786e-01  4.399e-02    495 9.218e-01  3.211e-02    824 7.367e-01  3.943e-02    349 6.507e-01  2.112e-02    949 5.835e-01  2.139e-02    744
2013.120548 1.023e+00  5.523e-02    343 9.971e-01  4.299e-02    538 9.061e-01  3.083e-02    864 7.401e-01  3.827e-02    374 7.238e-01  2.157e-02   1126 5.823e-01  2.069e-02    792
2013.263014 1.092e+00  3.996e-02    747 1.050e+00  3.089e-02   1156 8.550e-01  2.097e-02   1663 8.158e-01  2.813e-02    841 7.024e-01  1.488e-02   2229 5.810e-01  1.447e-02   1612
2013.405479 1.042e+00  3.509e-02    882 1.013e+00  2.727e-02   1379 9.042e-01  1.938e-02   2176 7.763e-01  2.467e-02    990 7.098e-01  1.345e-02   2787 5.931e-01  1.314e-02   2036
2013.547945 1.060e+00  3.648e-02    845 1.070e+00  2.889e-02   1372 8.954e-01  1.988e-02   2029 7.977e-01  2.577e-02    958 6.964e-01  1.372e-02   2575 5.828e-01  1.343e-02   1884
2013.690411 1.162e+00  4.228e-02    756 1.016e+00  3.116e-02   1063 8.652e-01  2.163e-02   1600 6.775e-01  2.629e-02    664 6.830e-01  1.505e-02   2061 5.769e-01  1.479e-02   1522
2013.832877 1.102e+00  4.330e-02    648 1.010e+00  3.267e-02    955 8.824e-01  2.298e-02   1475 6.840e-01  2.779e-02    606 6.966e-01  1.598e-02   1900 5.863e-01  1.568e-02   1398
2013.975342 1.114e+00  4.601e-02    586 1.025e+00  3.480e-02    868 8.910e-01  2.440e-02   1333 7.390e-01  3.053e-02    586 7.152e-01  1.712e-02   1746 5.623e-01  1.623e-02   1200
2014.117808 1.117e+00  4.443e-02    632 1.034e+00  3.369e-02    941 8.720e-01  2.328e-02   1403 7.295e-01  2.925e-02    622 6.971e-01  1.630e-02   1830 5.987e-01  1.615e-02   1374
2014.260274 1.110e+00  3.731e-02    885 1.066e+00  2.883e-02   1368 9.536e-01  2.051e-02   2162 7.507e-01  2.499e-02    902 7.109e-01  1.386e-02   2630 5.878e-01  1.348e-02   1901
2014.402740 1.093e+00  4.019e-02    739 9.878e-01  3.013e-02   1075 9.130e-01  2.179e-02   1756 7.643e-01  2.738e-02    779 6.854e-01  1.478e-02   2151 5.635e-01  1.433e-02   1546
2014.545205 1.106e+00  4.091e-02    731 1.098e+00  3.214e-02   1168 9.089e-01  2.199e-02   1708 7.701e-01  2.781e-02    767 6.983e-01  1.509e-02   2141 5.618e-01  1.448e-02   1506
2014.687671 1.084e+00  4.492e-02    582 1.003e+00  3.407e-02    867 9.134e-01  2.446e-02   1395 7.870e-01  3.118e-02    637 6.910e-01  1.665e-02   1722 5.462e-01  1.583e-02   1190
2014.830137 1.127e+00  5.221e-02    466 1.020e+00  3.916e-02    679 9.219e-01  2.800e-02   1084 8.056e-01  3.595e-02    502 6.953e-01  1.904e-02   1334 5.926e-01  1.880e-02    994
2014.972603 1.133e+00  4.938e-02    526 1.058e+00  3.763e-02    791 9.480e-01  2.679e-02   1252 7.929e-01  3.366e-02    555 7.295e-01  1.840e-02   1572 5.626e-01  1.728e-02   1060
2015.115068 1.283e+00  5.204e-02    608 1.064e+00  3.735e-02    811 9.559e-01  2.664e-02   1288 7.436e-01  3.227e-02    531 7.446e-01  1.840e-02   1637 5.749e-01  1.730e-02   1105
2015.257534 1.208e+00  4.453e-02    736 1.165e+00  3.447e-02   1142 9.674e-01  2.363e-02   1676 8.245e-01  2.997e-02    757 7.065e-01  1.581e-02   1997 6.078e-01  1.568e-02   1502
2015.400000 1.270e+00  4.293e-02    875 1.089e+00  3.133e-02   1207 9.794e-01  2.236e-02   1919 8.234e-01  2.816e-02    855 7.298e-01  1.511e-02   2333 6.297e-01  1.501e-02   1760
2015.542466 1.194e+00  4.514e-02    699 1.099e+00  3.415e-02   1036 9.511e-01  2.390e-02   1584 7.761e-01  2.965e-02    685 7.577e-01  1.670e-02   2059 5.771e-01  1.559e-02   1371
2015.684932 1.353e+00  4.858e-02    776 1.130e+00  3.500e-02   1043 9.942e-01  2.469e-02   1621 7.777e-01  3.000e-02    672 7.409e-01  1.669e-02   1971 6.109e-01  1.621e-02   1421
2015.827397 1.146e+00  4.470e-02    657 1.014e+00  3.316e-02    936 9.200e-01  2.375e-02   1500 7.927e-01  3.029e-02    685 7.251e-01  1.651e-02   1929 5.551e-01  1.545e-02   1291
2015.969863 1.046e+00  4.872e-02    461 1.063e+00  3.872e-02    754 8.729e-01  2.639e-02   1094 7.603e-01  3.383e-02    505 6.964e-01  1.845e-02   1424 5.599e-01  1.770e-02   1001
2016.112022 1.071e+00  4.823e-02    493 1.060e+00  3.782e-02    785 9.785e-01  2.734e-02   1281 7.596e-01  3.309e-02    527 6.891e-01  1.796e-02   1472 5.778e-01  1.759e-02   1079
2016.254098 1.160e+00  4.704e-02    608 1.060e+00  3.544e-02    894 9.317e-01  2.500e-02   1389 7.392e-01  3.059e-02    584 7.215e-01  1.722e-02   1755 5.549e-01  1.615e-02   1180
2016.396175 1.086e+00  4.538e-02    573 9.766e-01  3.392e-02    829 9.147e-01  2.469e-02   1372 7.811e-01  3.135e-02    621 6.983e-01  1.689e-02   1709 5.594e-01  1.617e-02   1197
2016.538251 1.060e+00  4.316e-02    603 1.027e+00  3.349e-02    940 8.609e-01  2.307e-02   1393 7.009e-01  2.859e-02    601 6.788e-01  1.604e-02   1792 5.541e-01  1.549e-02   1279
2016.680328 1.055e+00  4.652e-02    514 9.896e-01  3.552e-02    776 8.724e-01  2.509e-02   1209 7.570e-01  3.211e-02    556 6.682e-01  1.719e-02   1511 5.433e-01  1.658e-02   1074
2016.822404 1.108e+00  5.172e-02    459 1.068e+00  4.003e-02    712 9.135e-01  2.785e-02   1076 7.369e-01  3.436e-02    460 6.931e-01  1.899e-02   1332 5.666e-01  1.836e-02    952
2016.964481 1.162e+00  4.356e-02    712 1.066e+00  3.289e-02   1051 9.317e-01  2.313e-02   1623 7.907e-01  2.927e-02    730 7.012e-01  1.571e-02   1993 5.739e-01  1.520e-02   1426
2017.106849 1.223e+00  4.685e-02    682 1.081e+00  3.472e-02    970 9.702e-01  2.474e-02   1538 8.058e-01  3.097e-02    677 6.963e-01  1.641e-02   1801 5.820e-01  1.604e-02   1316
2017.249315 1.177e+00  3.967e-02    881 1.065e+00  2.974e-02   1282 9.353e-01  2.097e-02   1990 7.831e-01  2.635e-02    883 6.910e-01  1.411e-02   2399 5.482e-01  1.344e-02   1664
2017.391781 1.196e+00  3.807e-02    988 1.104e+00  2.883e-02   1467 9.569e-01  2.019e-02   2247 7.682e-01  2.485e-02    956 7.238e-01  1.374e-02   2773 5.923e-01  1.330e-02   1984
2017.534247 1.129e+00  3.764e-02    899 1.098e+00  2.927e-02   1408 9.173e-01  2.012e-02   2078 8.530e-01  2.665e-02   1024 7.162e-01  1.392e-02   2647 5.716e-01  1.330e-02   1847
2017.676712 1.298e+00  4.665e-02    774 1.121e+00  3.418e-02   1076 9.394e-01  2.354e-02   1593 8.022e-01  2.988e-02    721 7.206e-01  1.614e-02   1994 5.527e-01  1.512e-02   1337
2017.819178 1.238e+00  5.415e-02    523 1.129e+00  4.075e-02    767 9.184e-01  2.765e-02   1103 7.934e-01  3.530e-02    505 6.914e-01  1.878e-02   1355 5.831e-01  1.845e-02    999
2017.961644 1.123e+00  5.190e-02    468 1.184e+00  4.201e-02    794 9.779e-01  2.872e-02   1159 7.323e-01  3.414e-02    460 6.986e-01  1.901e-02   1351 5.578e-01  1.816e-02    943
2018.104110 1.225e+00  5.068e-02    584 1.006e+00  3.621e-02    772 9.196e-01  2.604e-02   1247 8.195e-01  3.377e-02    589 7.141e-01  1.796e-02   1580 5.526e-01  1.690e-02   1069
2018.246575 1.158e+00  5.057e-02    524 1.075e+00  3.841e-02    783 9.415e-01  2.705e-02   1212 7.608e-01  3.339e-02    519 6.766e-01  1.795e-02   1421 5.675e-01  1.758e-02   1042
2018.389041 1.226e+00  5.574e-02    484 1.064e+00  4.094e-02    676 9.355e-01  2.887e-02   1050 7.935e-01  3.652e-02    472 7.049e-01  1.962e-02   1291 5.921e-01  1.923e-02    948
2018.531507 1.313e+00  6.018e-02    476 1.100e+00  4.343e-02    642 9.981e-01  3.112e-02   1029 7.266e-01  3.647e-02    397 7.164e-01  2.064e-02   1205 5.841e-01  1.993e-02    859
2018.673973 1.391e+00  6.855e-02    412 1.205e+00  5.028e-02    574 1.076e+00  3.575e-02    906 8.314e-01  4.316e-02    371 7.352e-01  2.313e-02   1010 6.244e-01  2.280e-02    750
2018.816438 1.792e+00  5.886e-02    927 1.546e+00  4.310e-02   1287 1.245e+00  2.910e-02   1832 1.010e+00  3.599e-02    787 8.433e-01  1.875e-02   2024 6.753e-01  1.794e-02   1417
2018.958904 1.747e+00  5.168e-02   1142 1.530e+00  3.814e-02   1610 1.227e+00  2.569e-02   2281 1.048e+00  3.262e-02   1033 8.682e-01  1.692e-02   2634 7.050e-01  1.630e-02   1870
2019.101370 1.862e+00  5.440e-02   1172 1.532e+00  3.889e-02   1551 1.277e+00  2.671e-02   2285 9.669e-01  3.193e-02    917 9.069e-01  1.762e-02   2648 7.255e-01  1.686e-02   1852
2019.243836 1.798e+00  5.859e-02    942 1.560e+00  4.302e-02   1315 1.255e+00  2.903e-02   1870 1.016e+00  3.587e-02    802 8.628e-01  1.884e-02   2097 7.078e-01  1.825e-02   1504
2019.386301 1.823e+00  7.630e-02    571 1.559e+00  5.566e-02    785 1.249e+00  3.745e-02   1112 1.106e+00  4.841e-02    522 8.956e-01  2.482e-02   1302 7.010e-01  2.347e-02    892
2019.528767 1.853e+00  5.941e-02    973 1.603e+00  4.355e-02   1354 1.296e+00  2.946e-02   1935 9.782e-01  3.516e-02    774 8.674e-01  1.887e-02   2113 6.869e-01  1.796e-02   1463
2019.671233 1.876e+00  6.249e-02    901 1.591e+00  4.537e-02   1230 1.253e+00  3.029e-02   1712 1.000e+00  3.717e-02    724 8.628e-01  1.968e-02   1923 6.928e-01  1.886e-02   1350
2019.813699 1.884e+00  6.640e-02    805 1.613e+00  4.843e-02   1109 1.276e+00  3.241e-02   1551 9.923e-01  3.925e-02    639 8.620e-01  2.085e-02   1709 6.785e-01  1.978e-02   1176
2019.956164 1.882e+00  6.394e-02    866 1.745e+00  4.854e-02   1292 1.252e+00  3.093e-02   1639 9.242e-01  3.650e-02    641 8.551e-01  2.001e-02   1826 6.599e-01  1.880e-02   1232
2020.098361 1.896e+00  4.140e-02   2098 1.630e+00  3.026e-02   2902 1.335e+00  2.059e-02   4199 1.010e+00  2.461e-02   1684 8.557e-01  1.291e-02   4393 6.853e-01  1.236e-02   3076
2020.240437 1.798e+00  5.701e-02    995 1.614e+00  4.258e-02   1437 1.291e+00  2.864e-02   2031 1.010e+00  3.480e-02    842 8.714e-01  1.842e-02   2237 7.080e-01  1.776e-02   1589
2020.382514 1.877e+00  5.321e-02   1244 1.637e+00  3.917e-02   1746 1.347e+00  2.673e-02   2539 9.860e-01  3.142e-02    985 8.785e-01  1.690e-02   2702 7.025e-01  1.616e-02   1889
2020.524590 1.906e+00  5.999e-02   1009 1.635e+00  4.380e-02   1393 1.348e+00  2.992e-02   2029 9.386e-01  3.430e-02    749 9.089e-01  1.923e-02   2233 7.226e-01  1.834e-02   1552
2020.666667 1.847e+00  5.635e-02   1074 1.654e+00  4.204e-02   1548 1.254e+00  2.754e-02   2074 1.022e+00  3.415e-02    896 8.916e-01  1.818e-02   2406 6.939e-01  1.715e-02   1637
2020.808743 1.895e+00  6.617e-02    820 1.690e+00  4.926e-02   1177 1.294e+00  3.243e-02   1593 1.001e+00  3.918e-02    653 8.332e-01  2.037e-02   1673 6.733e-01  1.958e-02   1182
2020.950820 1.863e+00  6.597e-02    798 1.577e+00  4.784e-02   1087 1.305e+00  3.273e-02   1589 9.746e-01  3.886e-02    629 8.722e-01  2.095e-02   1733 7.132e-01  2.026e-02   1239
2021.093151 1.834e+00  6.000e-02    934 1.668e+00  4.511e-02   1367 1.290e+00  2.984e-02   1868 9.784e-01  3.570e-02    751 8.675e-01  1.916e-02   2050 6.718e-01  1.803e-02   1388
2021.235616 1.790e+00  5.342e-02   1123 1.626e+00  4.013e-02   1641 1.297e+00  2.696e-02   2313 1.012e+00  3.272e-02    957 8.541e-01  1.713e-02   2486 6.955e-01  1.653e-02   1770
2021.378082 1.810e+00  5.093e-02   1263 1.607e+00  3.783e-02   1804 1.286e+00  2.546e-02   2552 9.738e-01  3.043e-02   1024 8.677e-01  1.637e-02   2809 6.805e-01  1.551e-02   1926
2021.520548 1.916e+00  5.413e-02   1253 1.567e+00  3.859e-02   1649 1.291e+00  2.634e-02   2400 1.016e+00  3.210e-02   1001 8.816e-01  1.705e-02   2675 7.174e-01  1.644e-02   1903
2021.663014 1.716e+00  5.089e-02   1137 1.538e+00  3.798e-02   1640 1.278e+00  2.604e-02   2408 9.523e-01  3.088e-02    951 8.798e-01  1.692e-02   2705 6.834e-01  1.595e-02   1837
2021.805479 1.809e+00  5.426e-02   1112 1.553e+00  3.963e-02   1536 1.267e+00  2.692e-02   2214 9.404e-01  3.186e-02    871 8.465e-01  1.723e-02   2414 6.598e-01  1.627e-02   1645
2021.947945 1.674e+00  8.279e-02    409 1.514e+00  6.205e-02    595 1.221e+00  4.192e-02    848 9.045e-01  4.957e-02    333 8.285e-01  2.704e-02    939 5.944e-01  2.449e-02    589
