#Voyager-2 (52 day average)
#130.339 - 154.217 MeV/n Hydrogen flux derived from IPH
#154.217 - 171.338 MeV/n Hydrogen flux derived from IPH
#171.338 - 193.643 MeV/n Hydrogen flux derived from IPH
#193.643 - 208.152 MeV/n Hydrogen flux derived from IPH
#208.152 - 245.690 MeV/n Hydrogen flux derived from IPH
#245.690 - 272.300 MeV/n Hydrogen flux derived from IPH
#272.300 - 344.010 MeV/n Hydrogen flux derived from IPH
2007.000000 3.898e+00  1.481e-01    693 3.860e+00  1.740e-01    492 3.812e+00  1.515e-01    633 3.564e+00  1.816e-01    385 4.086e+00  1.209e-01   1142 3.826e+00  1.390e-01    758 4.263e+00  8.936e-02   2276
2007.142466 4.164e+00  1.573e-01    701 4.433e+00  1.916e-01    535 4.286e+00  1.651e-01    674 4.224e+00  2.032e-01    432 4.179e+00  1.257e-01   1106 3.945e+00  1.450e-01    740 4.567e+00  9.505e-02   2309
2007.284932 4.820e+00  1.599e-01    909 4.762e+00  1.877e-01    644 4.666e+00  1.627e-01    822 4.581e+00  1.999e-01    525 4.590e+00  1.244e-01   1361 4.287e+00  1.428e-01    901 4.700e+00  9.109e-02   2662
2007.427397 4.800e+00  1.321e-01   1321 4.667e+00  1.538e-01    921 4.660e+00  1.346e-01   1198 4.377e+00  1.618e-01    732 4.634e+00  1.035e-01   2005 4.288e+00  1.182e-01   1315 4.748e+00  7.579e-02   3924
2007.569863 4.785e+00  1.473e-01   1055 4.731e+00  1.730e-01    748 4.807e+00  1.528e-01    990 4.546e+00  1.842e-01    609 4.495e+00  1.139e-01   1558 4.322e+00  1.326e-01   1062 4.821e+00  8.532e-02   3192
2007.712329 5.703e+00  1.857e-01    943 5.592e+00  2.172e-01    663 5.380e+00  1.866e-01    831 5.017e+00  2.235e-01    504 5.067e+00  1.396e-01   1317 4.483e+00  1.560e-01    826 4.791e+00  9.823e-02   2379
2007.854795 5.560e+00  1.764e-01    994 5.757e+00  2.119e-01    738 5.036e+00  1.737e-01    841 4.907e+00  2.125e-01    533 5.209e+00  1.361e-01   1464 4.758e+00  1.545e-01    948 5.016e+00  9.666e-02   2693
2007.997260 5.318e+00  1.722e-01    954 5.248e+00  2.020e-01    675 5.371e+00  1.790e-01    900 4.936e+00  2.128e-01    538 5.149e+00  1.351e-01   1452 4.707e+00  1.535e-01    941 4.956e+00  9.592e-02   2670
2008.139344 5.787e+00  1.826e-01   1004 6.189e+00  2.230e-01    770 5.695e+00  1.874e-01    923 5.321e+00  2.247e-01    561 5.547e+00  1.426e-01   1513 4.955e+00  1.601e-01    958 5.130e+00  9.922e-02   2673
2008.281421 5.915e+00  1.569e-01   1421 5.539e+00  1.793e-01    954 5.415e+00  1.553e-01   1215 5.104e+00  1.870e-01    745 5.280e+00  1.182e-01   1994 4.576e+00  1.307e-01   1225 5.126e+00  8.429e-02   3698
2008.423497 6.007e+00  1.662e-01   1306 6.191e+00  1.993e-01    965 5.481e+00  1.643e-01   1113 4.920e+00  1.930e-01    650 5.229e+00  1.237e-01   1787 4.850e+00  1.415e-01   1175 5.080e+00  8.821e-02   3317
2008.565574 6.327e+00  1.867e-01   1148 6.041e+00  2.155e-01    786 5.882e+00  1.863e-01    997 5.587e+00  2.251e-01    616 5.458e+00  1.383e-01   1557 4.752e+00  1.533e-01    961 5.272e+00  9.836e-02   2873
2008.707650 6.764e+00  2.137e-01   1002 6.637e+00  2.500e-01    705 5.673e+00  2.025e-01    785 5.455e+00  2.462e-01    491 5.659e+00  1.559e-01   1318 5.003e+00  1.741e-01    826 5.368e+00  1.098e-01   2388
2008.849727 6.814e+00  2.135e-01   1019 6.165e+00  2.398e-01    661 5.849e+00  2.046e-01    817 5.998e+00  2.569e-01    545 5.823e+00  1.574e-01   1369 5.485e+00  1.814e-01    914 5.431e+00  1.100e-01   2439
2008.991803 7.258e+00  2.741e-01    701 6.325e+00  3.022e-01    438 6.340e+00  2.651e-01    572 6.169e+00  3.242e-01    362 6.296e+00  2.036e-01    956 5.370e+00  2.234e-01    578 5.927e+00  1.429e-01   1719
2009.134247 7.683e+00  2.433e-01    997 6.900e+00  2.723e-01    642 6.698e+00  2.351e-01    812 6.506e+00  2.872e-01    513 6.029e+00  1.719e-01   1230 5.566e+00  1.962e-01    805 5.609e+00  1.200e-01   2186
2009.276712 7.045e+00  2.056e-01   1174 6.687e+00  2.366e-01    799 6.482e+00  2.041e-01   1009 6.321e+00  2.498e-01    640 5.795e+00  1.487e-01   1518 5.272e+00  1.685e-01    979 5.697e+00  1.067e-01   2851
2009.419178 7.211e+00  1.847e-01   1525 6.911e+00  2.135e-01   1048 6.358e+00  1.794e-01   1256 6.272e+00  2.209e-01    806 5.823e+00  1.323e-01   1936 5.427e+00  1.517e-01   1279 5.519e+00  9.322e-02   3505
2009.561644 7.315e+00  1.897e-01   1487 6.772e+00  2.155e-01    987 6.293e+00  1.820e-01   1195 6.112e+00  2.225e-01    755 5.880e+00  1.356e-01   1879 5.421e+00  1.547e-01   1228 5.609e+00  9.585e-02   3424
2009.704110 7.184e+00  1.896e-01   1436 6.161e+00  2.073e-01    883 6.234e+00  1.827e-01   1164 5.689e+00  2.164e-01    691 5.601e+00  1.335e-01   1760 5.549e+00  1.578e-01   1236 5.281e+00  9.379e-02   3170
2009.846575 7.339e+00  1.951e-01   1415 7.031e+00  2.255e-01    972 6.202e+00  1.856e-01   1117 5.514e+00  2.170e-01    646 5.718e+00  1.373e-01   1733 5.087e+00  1.539e-01   1093 5.471e+00  9.721e-02   3168
2009.989041 7.501e+00  1.903e-01   1554 6.611e+00  2.110e-01    982 5.979e+00  1.758e-01   1157 6.093e+00  2.200e-01    767 5.769e+00  1.331e-01   1879 5.289e+00  1.514e-01   1221 5.474e+00  9.380e-02   3406
2010.131507 7.498e+00  2.004e-01   1400 6.514e+00  2.206e-01    872 6.106e+00  1.871e-01   1065 5.959e+00  2.292e-01    676 5.931e+00  1.422e-01   1741 5.186e+00  1.579e-01   1079 5.409e+00  9.822e-02   3033
2010.273973 7.531e+00  2.991e-01    634 7.091e+00  3.427e-01    428 6.447e+00  2.863e-01    507 6.295e+00  3.508e-01    322 6.045e+00  2.137e-01    800 4.850e+00  2.274e-01    455 5.399e+00  1.461e-01   1365
2010.416438 8.002e+00  2.048e-01   1526 7.174e+00  2.290e-01    981 6.758e+00  1.948e-01   1204 5.799e+00  2.237e-01    672 6.331e+00  1.453e-01   1898 5.359e+00  1.588e-01   1139 5.811e+00  1.007e-01   3328
2010.558904 8.506e+00  2.204e-01   1489 7.298e+00  2.411e-01    916 7.112e+00  2.086e-01   1163 6.816e+00  2.531e-01    725 6.657e+00  1.555e-01   1832 5.552e+00  1.687e-01   1083 5.887e+00  1.058e-01   3095
2010.701370 9.131e+00  2.527e-01   1306 7.469e+00  2.699e-01    766 7.372e+00  2.349e-01    985 6.685e+00  2.774e-01    581 6.809e+00  1.740e-01   1531 5.960e+00  1.934e-01    950 5.888e+00  1.171e-01   2529
2010.843836 8.624e+00  2.937e-01    862 8.065e+00  3.355e-01    578 7.497e+00  2.834e-01    700 6.290e+00  3.218e-01    382 6.778e+00  2.077e-01   1065 6.078e+00  2.336e-01    677 6.116e+00  1.427e-01   1836
2010.986301 9.496e+00  3.201e-01    880 8.277e+00  3.529e-01    550 7.902e+00  3.021e-01    684 7.441e+00  3.635e-01    419 7.118e+00  2.210e-01   1037 6.420e+00  2.493e-01    663 6.223e+00  1.495e-01   1732
2011.128767 1.028e+01  3.445e-01    891 9.495e+00  3.909e-01    590 8.598e+00  3.259e-01    696 7.748e+00  3.836e-01    408 7.451e+00  2.339e-01   1015 6.638e+00  2.622e-01    641 6.740e+00  1.609e-01   1754
2011.271233 1.132e+01  3.521e-01   1033 9.762e+00  3.862e-01    639 9.311e+00  3.304e-01    794 8.509e+00  3.916e-01    472 7.776e+00  2.328e-01   1116 6.802e+00  2.586e-01    692 7.258e+00  1.627e-01   1990
2011.413699 1.127e+01  3.218e-01   1227 1.006e+01  3.590e-01    785 9.156e+00  3.001e-01    931 8.376e+00  3.559e-01    554 7.819e+00  2.138e-01   1338 6.917e+00  2.388e-01    839 7.094e+00  1.473e-01   2319
2011.556164 1.140e+01  3.284e-01   1206 1.079e+01  3.772e-01    818 9.009e+00  3.020e-01    890 8.419e+00  3.620e-01    541 8.120e+00  2.210e-01   1350 7.034e+00  2.443e-01    829 7.138e+00  1.499e-01   2267
2011.698630 1.151e+01  3.561e-01   1044 1.013e+01  3.946e-01    659 9.428e+00  3.335e-01    799 9.033e+00  4.048e-01    498 8.252e+00  2.405e-01   1177 7.002e+00  2.632e-01    708 7.208e+00  1.626e-01   1964
2011.841096 1.128e+01  4.267e-01    699 1.015e+01  4.780e-01    451 1.011e+01  4.178e-01    585 8.631e+00  4.788e-01    325 8.551e+00  2.963e-01    833 7.515e+00  3.299e-01    519 7.168e+00  1.963e-01   1334
2011.983562 1.263e+01  4.629e-01    744 1.131e+01  5.175e-01    478 9.338e+00  4.119e-01    514 8.826e+00  4.965e-01    316 8.561e+00  3.040e-01    793 7.203e+00  3.312e-01    473 7.448e+00  2.052e-01   1318
2012.125683 1.206e+01  4.289e-01    791 1.021e+01  4.659e-01    480 9.599e+00  3.959e-01    588 8.934e+00  4.735e-01    356 8.633e+00  2.894e-01    890 7.239e+00  3.147e-01    529 7.891e+00  2.002e-01   1554
2012.267760 1.199e+01  3.689e-01   1057 1.114e+01  4.199e-01    704 9.949e+00  3.476e-01    819 8.889e+00  4.074e-01    476 8.712e+00  2.508e-01   1207 7.352e+00  2.736e-01    722 7.172e+00  1.646e-01   1898
2012.409836 1.215e+01  3.945e-01    949 1.154e+01  4.540e-01    646 9.871e+00  3.679e-01    720 8.325e+00  4.189e-01    395 8.741e+00  2.668e-01   1073 7.746e+00  2.983e-01    674 7.710e+00  1.813e-01   1808
2012.551913 1.348e+01  3.871e-01   1213 1.119e+01  4.165e-01    722 1.052e+01  3.538e-01    884 9.530e+00  4.175e-01    521 8.661e+00  2.475e-01   1225 7.700e+00  2.771e-01    772 7.598e+00  1.677e-01   2053
2012.693989 1.227e+01  4.198e-01    854 1.188e+01  4.878e-01    593 9.641e+00  3.850e-01    627 8.179e+00  4.397e-01    346 8.461e+00  2.780e-01    926 7.566e+00  3.123e-01    587 7.275e+00  1.865e-01   1521
2012.836066 1.246e+01  4.823e-01    667 1.089e+01  5.325e-01    418 9.717e+00  4.408e-01    486 7.653e+00  4.850e-01    249 8.661e+00  3.208e-01    729 7.575e+00  3.563e-01    452 7.139e+00  2.107e-01   1148
2012.978142 1.205e+01  4.703e-01    657 1.039e+01  5.156e-01    406 9.702e+00  4.365e-01    494 8.575e+00  5.088e-01    284 8.087e+00  3.072e-01    693 6.618e+00  3.301e-01    402 7.343e+00  2.118e-01   1202
2013.120548 1.259e+01  4.578e-01    756 1.145e+01  5.156e-01    493 1.021e+01  4.267e-01    573 9.701e+00  5.156e-01    354 8.368e+00  2.977e-01    790 7.172e+00  3.274e-01    480 7.308e+00  2.013e-01   1318
2013.263014 1.380e+01  3.322e-01   1726 1.100e+01  3.502e-01    986 1.066e+01  3.021e-01   1245 9.186e+00  3.477e-01    698 8.159e+00  2.037e-01   1604 7.240e+00  2.279e-01   1009 7.597e+00  1.422e-01   2853
2013.405479 1.381e+01  2.985e-01   2140 1.129e+01  3.188e-01   1255 1.004e+01  2.633e-01   1453 9.015e+00  3.094e-01    849 8.791e+00  1.899e-01   2142 7.196e+00  2.041e-01   1243 7.596e+00  1.277e-01   3536
2013.547945 1.325e+01  3.021e-01   1924 1.168e+01  3.350e-01   1216 1.093e+01  2.839e-01   1482 9.182e+00  3.226e-01    810 8.785e+00  1.962e-01   2005 7.664e+00  2.176e-01   1240 7.328e+00  1.296e-01   3195
2013.690411 1.272e+01  3.321e-01   1468 1.118e+01  3.677e-01    925 9.743e+00  3.007e-01   1050 8.616e+00  3.506e-01    604 8.921e+00  2.218e-01   1618 7.552e+00  2.424e-01    971 7.192e+00  1.441e-01   2492
2013.832877 1.290e+01  3.549e-01   1322 1.097e+01  3.865e-01    806 1.008e+01  3.246e-01    965 8.128e+00  3.613e-01    506 8.301e+00  2.270e-01   1337 7.331e+00  2.534e-01    837 7.407e+00  1.552e-01   2279
2013.975342 1.316e+01  3.776e-01   1214 1.057e+01  3.996e-01    699 1.052e+01  3.494e-01    907 8.954e+00  3.997e-01    502 8.632e+00  2.439e-01   1252 7.003e+00  2.610e-01    720 7.644e+00  1.661e-01   2118
2014.117808 1.267e+01  3.564e-01   1265 1.102e+01  3.925e-01    789 1.074e+01  3.393e-01   1001 9.102e+00  3.874e-01    552 8.782e+00  2.366e-01   1378 7.633e+00  2.620e-01    849 7.426e+00  1.574e-01   2226
2014.260274 1.318e+01  3.091e-01   1818 1.072e+01  3.291e-01   1060 1.033e+01  2.831e-01   1331 9.734e+00  3.408e-01    816 8.742e+00  2.008e-01   1896 7.883e+00  2.264e-01   1212 7.410e+00  1.337e-01   3070
2014.402740 1.245e+01  3.277e-01   1443 1.102e+01  3.641e-01    916 1.052e+01  3.117e-01   1139 9.299e+00  3.633e-01    655 8.675e+00  2.182e-01   1581 7.849e+00  2.465e-01   1014 7.425e+00  1.460e-01   2585
2014.545205 1.204e+01  3.266e-01   1359 1.176e+01  3.813e-01    952 9.846e+00  3.056e-01   1038 9.697e+00  3.760e-01    665 8.990e+00  2.251e-01   1595 7.720e+00  2.478e-01    971 7.444e+00  1.482e-01   2523
2014.687671 1.253e+01  3.721e-01   1135 1.047e+01  4.016e-01    680 1.051e+01  3.525e-01    889 9.069e+00  4.060e-01    499 8.971e+00  2.510e-01   1277 7.571e+00  2.739e-01    764 7.803e+00  1.694e-01   2122
2014.830137 1.219e+01  4.187e-01    848 1.055e+01  4.599e-01    526 1.056e+01  4.031e-01    686 1.003e+01  4.872e-01    424 8.862e+00  2.847e-01    969 8.141e+00  3.241e-01    631 7.947e+00  1.951e-01   1660
2014.972603 1.231e+01  3.945e-01    974 1.167e+01  4.536e-01    662 1.138e+01  3.924e-01    841 1.011e+01  4.586e-01    486 9.142e+00  2.711e-01   1137 7.622e+00  2.940e-01    672 8.128e+00  1.850e-01   1931
2015.115068 1.336e+01  4.047e-01   1090 1.241e+01  4.606e-01    726 1.128e+01  3.848e-01    860 1.057e+01  4.617e-01    524 9.629e+00  2.740e-01   1235 8.128e+00  2.990e-01    739 7.958e+00  1.802e-01   1950
2015.257534 1.362e+01  3.593e-01   1438 1.263e+01  4.086e-01    956 1.097e+01  3.336e-01   1082 1.024e+01  3.997e-01    657 9.564e+00  2.401e-01   1587 8.417e+00  2.675e-01    990 8.303e+00  1.619e-01   2632
2015.400000 1.410e+01  3.445e-01   1675 1.241e+01  3.817e-01   1057 1.141e+01  3.207e-01   1266 1.065e+01  3.842e-01    769 9.590e+00  2.266e-01   1791 8.317e+00  2.506e-01   1101 8.322e+00  1.527e-01   2969
2015.542466 1.430e+01  3.747e-01   1457 1.359e+01  4.314e-01    993 1.204e+01  3.557e-01   1146 1.055e+01  4.128e-01    653 9.378e+00  2.420e-01   1502 8.561e+00  2.746e-01    972 8.390e+00  1.656e-01   2567
2015.684932 1.422e+01  3.741e-01   1445 1.351e+01  4.306e-01    984 1.237e+01  3.610e-01   1174 1.056e+01  4.136e-01    652 1.015e+01  2.521e-01   1622 8.584e+00  2.753e-01    972 8.596e+00  1.678e-01   2623
2015.827397 1.352e+01  3.711e-01   1327 1.155e+01  4.051e-01    813 1.106e+01  3.473e-01   1014 9.993e+00  4.093e-01    596 8.788e+00  2.386e-01   1356 7.506e+00  2.620e-01    821 7.918e+00  1.639e-01   2334
2015.969863 1.210e+01  4.049e-01    893 1.109e+01  4.578e-01    587 1.018e+01  3.843e-01    702 9.343e+00  4.564e-01    419 9.153e+00  2.809e-01   1062 7.672e+00  3.054e-01    631 7.638e+00  1.856e-01   1693
2016.112022 1.250e+01  4.002e-01    976 1.194e+01  4.618e-01    668 1.072e+01  3.835e-01    782 9.467e+00  4.468e-01    449 9.901e+00  2.841e-01   1215 8.737e+00  3.169e-01    760 8.293e+00  1.881e-01   1944
2016.254098 1.303e+01  3.799e-01   1176 1.145e+01  4.206e-01    741 1.080e+01  3.580e-01    911 1.094e+01  4.466e-01    600 9.647e+00  2.607e-01   1369 7.496e+00  2.730e-01    754 8.049e+00  1.723e-01   2182
2016.396175 1.299e+01  3.745e-01   1204 1.192e+01  4.236e-01    792 1.096e+01  3.559e-01    949 1.064e+01  4.347e-01    599 9.199e+00  2.513e-01   1340 8.222e+00  2.822e-01    849 7.860e+00  1.681e-01   2187
2016.538251 1.300e+01  3.633e-01   1280 1.142e+01  4.021e-01    806 1.010e+01  3.314e-01    929 9.326e+00  3.948e-01    558 8.838e+00  2.389e-01   1368 7.682e+00  2.646e-01    843 7.802e+00  1.624e-01   2307
2016.680328 1.265e+01  3.879e-01   1063 1.137e+01  4.343e-01    685 1.066e+01  3.685e-01    837 1.020e+01  4.470e-01    521 9.771e+00  2.720e-01   1291 7.869e+00  2.899e-01    737 7.552e+00  1.730e-01   1906
2016.822404 1.361e+01  4.360e-01    975 1.186e+01  4.805e-01    609 1.061e+01  3.983e-01    710 1.009e+01  4.814e-01    439 8.730e+00  2.785e-01    983 7.617e+00  3.089e-01    608 7.820e+00  1.907e-01   1682
2016.964481 1.342e+01  3.569e-01   1414 1.259e+01  4.082e-01    951 1.102e+01  3.347e-01   1085 9.653e+00  3.883e-01    618 9.871e+00  2.441e-01   1635 8.364e+00  2.669e-01    982 8.303e+00  1.620e-01   2627
2017.106849 1.326e+01  3.741e-01   1257 1.210e+01  4.219e-01    822 1.135e+01  3.581e-01   1005 1.002e+01  4.171e-01    577 9.826e+00  2.568e-01   1464 8.275e+00  2.799e-01    874 8.309e+00  1.709e-01   2365
2017.249315 1.375e+01  3.287e-01   1749 1.306e+01  3.783e-01   1191 1.130e+01  3.084e-01   1343 1.097e+01  3.767e-01    848 1.002e+01  2.238e-01   2003 8.422e+00  2.437e-01   1194 8.271e+00  1.471e-01   3160
2017.391781 1.385e+01  3.138e-01   1947 1.316e+01  3.613e-01   1327 1.185e+01  3.004e-01   1557 1.118e+01  3.617e-01    955 9.830e+00  2.109e-01   2173 8.513e+00  2.331e-01   1334 8.447e+00  1.414e-01   3567
2017.534247 1.338e+01  3.154e-01   1801 1.213e+01  3.545e-01   1170 1.167e+01  3.047e-01   1467 1.124e+01  3.707e-01    919 1.031e+01  2.208e-01   2181 8.735e+00  2.413e-01   1310 8.685e+00  1.466e-01   3510
2017.676712 1.418e+01  3.736e-01   1441 1.289e+01  4.206e-01    939 1.176e+01  3.520e-01   1116 1.116e+01  4.252e-01    689 1.018e+01  2.525e-01   1626 9.291e+00  2.865e-01   1052 8.790e+00  1.697e-01   2682
2017.819178 1.350e+01  4.362e-01    958 1.305e+01  5.065e-01    664 1.204e+01  4.262e-01    798 1.039e+01  4.909e-01    448 9.880e+00  2.976e-01   1102 8.398e+00  3.259e-01    664 8.128e+00  1.953e-01   1732
2017.961644 1.349e+01  4.394e-01    942 1.210e+01  4.915e-01    606 1.165e+01  4.225e-01    760 1.119e+01  5.135e-01    475 1.032e+01  3.065e-01   1133 8.825e+00  3.367e-01    687 8.275e+00  1.986e-01   1736
2018.104110 1.302e+01  4.047e-01   1035 1.228e+01  4.642e-01    700 1.200e+01  4.020e-01    891 1.083e+01  4.735e-01    523 1.024e+01  2.862e-01   1279 8.094e+00  3.023e-01    717 8.584e+00  1.896e-01   2049
2018.246575 1.340e+01  4.206e-01   1015 1.294e+01  4.882e-01    703 1.180e+01  4.084e-01    835 1.106e+01  4.902e-01    509 1.002e+01  2.901e-01   1193 8.648e+00  3.201e-01    730 8.467e+00  1.929e-01   1926
2018.389041 1.268e+01  4.380e-01    838 1.283e+01  5.203e-01    608 1.182e+01  4.376e-01    730 1.068e+01  5.158e-01    429 1.013e+01  3.123e-01   1053 7.535e+00  3.199e-01    555 8.550e+00  2.075e-01   1697
2018.531507 1.447e+01  4.880e-01    879 1.299e+01  5.462e-01    566 1.096e+01  4.395e-01    622 1.089e+01  5.432e-01    402 1.067e+01  3.343e-01   1019 8.789e+00  3.603e-01    595 8.501e+00  2.159e-01   1551
2018.673973 1.588e+01  5.677e-01    783 1.511e+01  6.538e-01    534 1.266e+01  5.244e-01    583 1.192e+01  6.308e-01    357 1.121e+01  3.804e-01    869 9.375e+00  4.131e-01    515 9.140e+00  2.485e-01   1353
2018.816438 1.778e+01  4.620e-01   1481 1.736e+01  5.392e-01   1037 1.679e+01  4.645e-01   1306 1.575e+01  5.578e-01    797 1.353e+01  3.214e-01   1771 1.134e+01  3.496e-01   1053 1.135e+01  2.130e-01   2838
2018.958904 1.993e+01  4.915e-01   1644 1.888e+01  5.650e-01   1117 1.756e+01  4.773e-01   1353 1.634e+01  5.709e-01    819 1.444e+01  3.337e-01   1873 1.296e+01  3.755e-01   1192 1.252e+01  2.248e-01   3101
2019.101370 2.119e+01  4.867e-01   1896 1.864e+01  5.391e-01   1196 1.803e+01  4.645e-01   1507 1.781e+01  5.723e-01    968 1.502e+01  3.268e-01   2112 1.300e+01  3.611e-01   1296 1.300e+01  2.199e-01   3492
2019.243836 2.019e+01  4.749e-01   1807 1.951e+01  5.513e-01   1252 1.711e+01  4.524e-01   1431 1.609e+01  5.439e-01    875 1.507e+01  3.272e-01   2120 1.429e+01  3.784e-01   1425 1.276e+01  2.179e-01   3431
2019.386301 2.094e+01  6.229e-01   1130 1.928e+01  7.059e-01    746 1.803e+01  5.981e-01    909 1.516e+01  6.799e-01    497 1.515e+01  4.225e-01   1285 1.382e+01  4.793e-01    831 1.302e+01  2.834e-01   2110
2019.528767 1.975e+01  4.637e-01   1814 1.977e+01  5.479e-01   1302 1.736e+01  4.498e-01   1489 1.744e+01  5.590e-01    973 1.542e+01  3.268e-01   2226 1.325e+01  3.598e-01   1356 1.335e+01  2.200e-01   3682
2019.671233 2.183e+01  5.103e-01   1829 1.964e+01  5.717e-01   1180 1.861e+01  4.876e-01   1457 1.561e+01  5.537e-01    795 1.489e+01  3.361e-01   1961 1.307e+01  3.742e-01   1221 1.327e+01  2.296e-01   3339
2019.813699 2.149e+01  5.383e-01   1593 1.947e+01  6.052e-01   1035 1.777e+01  5.066e-01   1231 1.574e+01  5.910e-01    709 1.485e+01  3.570e-01   1731 1.313e+01  3.987e-01   1085 1.310e+01  2.425e-01   2916
2019.956164 2.173e+01  5.234e-01   1724 1.823e+01  5.661e-01   1037 1.849e+01  4.995e-01   1370 1.496e+01  5.570e-01    721 1.503e+01  3.472e-01   1875 1.425e+01  4.015e-01   1260 1.261e+01  2.301e-01   3005
2020.098361 2.086e+01  3.318e-01   3952 1.891e+01  3.731e-01   2569 1.781e+01  3.172e-01   3152 1.572e+01  3.695e-01   1810 1.533e+01  2.268e-01   4565 1.353e+01  2.531e-01   2857 1.331e+01  1.530e-01   7575
2020.240437 2.166e+01  4.779e-01   2054 2.010e+01  5.437e-01   1367 1.760e+01  4.457e-01   1559 1.650e+01  5.351e-01    951 1.484e+01  3.155e-01   2213 1.324e+01  3.539e-01   1399 1.313e+01  2.147e-01   3740
2020.382514 2.093e+01  4.287e-01   2383 1.972e+01  4.914e-01   1610 1.836e+01  4.154e-01   1953 1.614e+01  4.830e-01   1117 1.551e+01  2.943e-01   2776 1.392e+01  3.312e-01   1767 1.313e+01  1.960e-01   4492
2020.524590 2.108e+01  4.788e-01   1939 1.902e+01  5.370e-01   1254 1.833e+01  4.619e-01   1575 1.686e+01  5.492e-01    942 1.506e+01  3.228e-01   2178 1.332e+01  3.605e-01   1365 1.339e+01  2.201e-01   3697
2020.666667 2.056e+01  4.546e-01   2046 1.904e+01  5.166e-01   1358 1.843e+01  4.453e-01   1713 1.547e+01  5.058e-01    935 1.519e+01  3.117e-01   2376 1.372e+01  3.518e-01   1521 1.322e+01  2.103e-01   3950
2020.808743 2.149e+01  5.398e-01   1585 1.919e+01  6.025e-01   1015 1.870e+01  5.210e-01   1288 1.645e+01  6.058e-01    737 1.480e+01  3.573e-01   1716 1.329e+01  4.021e-01   1092 1.251e+01  2.377e-01   2771
2020.950820 2.226e+01  5.506e-01   1635 1.973e+01  6.121e-01   1039 1.768e+01  5.077e-01   1213 1.613e+01  6.013e-01    720 1.560e+01  3.676e-01   1801 1.338e+01  4.043e-01   1095 1.352e+01  2.475e-01   2981
2021.093151 2.041e+01  4.838e-01   1780 1.847e+01  5.435e-01   1155 1.807e+01  4.709e-01   1472 1.728e+01  5.711e-01    916 1.522e+01  3.332e-01   2087 1.335e+01  3.707e-01   1298 1.324e+01  2.248e-01   3467
2021.235616 2.038e+01  4.356e-01   2188 1.960e+01  5.046e-01   1509 1.859e+01  4.306e-01   1865 1.678e+01  5.072e-01   1095 1.473e+01  2.954e-01   2486 1.275e+01  3.265e-01   1526 1.308e+01  2.014e-01   4217
2021.378082 2.172e+01  4.272e-01   2586 1.872e+01  4.683e-01   1598 1.792e+01  4.014e-01   1993 1.631e+01  4.749e-01   1180 1.502e+01  2.833e-01   2812 1.359e+01  3.201e-01   1803 1.319e+01  1.921e-01   4717
2021.520548 2.098e+01  4.327e-01   2351 1.935e+01  4.908e-01   1555 1.874e+01  4.231e-01   1961 1.661e+01  4.939e-01   1131 1.536e+01  2.953e-01   2705 1.353e+01  3.292e-01   1690 1.326e+01  1.985e-01   4461
2021.663014 2.093e+01  4.301e-01   2367 1.889e+01  4.826e-01   1532 1.835e+01  4.168e-01   1939 1.595e+01  4.817e-01   1096 1.477e+01  2.882e-01   2626 1.334e+01  3.253e-01   1681 1.307e+01  1.961e-01   4439
2021.805479 2.134e+01  4.456e-01   2294 1.980e+01  5.069e-01   1526 1.817e+01  4.254e-01   1824 1.752e+01  5.179e-01   1144 1.464e+01  2.944e-01   2474 1.320e+01  3.320e-01   1581 1.318e+01  2.021e-01   4253
2021.947945 2.187e+01  7.202e-01    922 1.892e+01  7.912e-01    572 1.777e+01  6.718e-01    700 1.565e+01  7.817e-01    401 1.519e+01  4.788e-01   1007 1.364e+01  5.389e-01    641 1.305e+01  3.210e-01   1652
