643
 1976.401526   12.250000
 1976.475296   11.300000
 1976.551799    9.500000
 1976.625569    9.100000
 1976.699340    9.850000
 1976.775842   13.250000
 1976.849727   11.550000
 1976.923497   11.500000
 1976.997268   14.000000
 1977.073973   15.600000
 1977.147945   12.050000
 1977.221918   21.000000
 1977.295890   23.300000
 1977.372489   25.400000
 1977.446461   27.650000
 1977.520434   21.150000
 1977.597146   17.250000
 1977.671119   20.450000
 1977.745091   22.050000
 1977.819064   22.150000
 1977.895890   32.350000
 1977.969863   22.950000
 1978.043836   39.950000
 1978.117808   43.650000
 1978.194521   39.050000
 1978.268493   37.200000
 1978.342352   38.850000
 1978.419064   29.400000
 1978.493037   27.550000
 1978.567009   29.000000
 1978.640982   34.050000
 1978.717694   57.300000
 1978.791667   58.500000
 1978.865753   53.350000
 1978.939726   55.200000
 1979.016438   56.750000
 1979.090411   66.500000
 1979.164384   68.550000
 1979.241096   72.150000
 1979.315068   73.350000
 1979.388927   67.650000
 1979.462900   65.600000
 1979.539612   71.700000
 1979.613584   62.950000
 1979.687557   70.900000
 1979.764269   74.150000
 1979.838356   70.850000
 1979.912329   65.650000
 1979.986301   71.950000
 1980.062842   65.700000
 1980.136612   74.950000
 1980.210383   73.650000
 1980.284153   62.250000
 1980.360542   52.700000
 1980.434312   38.500000
 1980.508083   52.700000
 1980.584586   56.550000
 1980.658356   52.800000
 1980.732127   58.150000
 1980.805897   59.950000
 1980.882514   59.250000
 1980.956284   54.150000
 1981.030137   57.500000
 1981.104110   56.000000
 1981.180822   48.950000
 1981.254795   51.850000
 1981.328653   50.350000
 1981.405365   44.600000
 1981.479338   58.400000
 1981.553311   41.500000
 1981.627283   48.750000
 1981.703995   47.450000
 1981.777968   39.500000
 1981.852055   37.850000
 1981.928767   43.350000
 1982.002740   52.350000
 1982.076712   48.800000
 1982.150685   36.150000
 1982.227397   46.000000
 1982.301370   54.300000
 1982.375228   53.100000
 1982.449201   54.950000
 1982.525913   52.600000
 1982.599886   55.050000
 1982.673858   53.750000
 1982.750571   41.100000
 1982.824543   33.650000
 1982.898630   33.650000
 1982.972603   38.050000
 1983.049315   39.650000
 1983.123288   36.050000
 1983.197260   30.550000
 1983.271233   38.450000
 1983.347831   41.100000
 1983.421804   38.400000
 1983.495776   38.950000
 1983.572489   36.150000
 1983.646461   36.950000
 1983.720434   33.600000
 1983.794406   30.100000
 1983.871233   30.000000
 1983.945205   22.250000
 1984.019126   27.600000
 1984.092896   32.250000
 1984.169399   32.950000
 1984.243169   34.800000
 1984.316940   37.350000
 1984.393329   36.350000
 1984.467099   34.850000
 1984.540870   33.800000
 1984.614640   34.700000
 1984.691143   31.850000
 1984.764913   28.750000
 1984.838798   26.150000
 1984.915301   22.050000
 1984.989071   21.200000
 1985.063014   17.150000
 1985.136986   15.400000
 1985.213699   13.200000
 1985.287671   11.800000
 1985.361530   10.900000
 1985.435502   11.750000
 1985.512215   12.200000
 1985.586187   11.700000
 1985.660160   12.150000
 1985.736872   11.150000
 1985.810845   11.900000
 1985.884932   13.650000
 1985.958904   13.450000
 1986.035616   13.650000
 1986.109589   19.950000
 1986.183562   17.900000
 1986.257534   13.150000
 1986.334132   11.150000
 1986.408105    9.750000
 1986.482078    8.300000
 1986.558790    6.800000
 1986.632763    6.050000
 1986.706735    5.900000
 1986.780708    6.050000
 1986.857534    4.750000
 1986.931507    7.250000
 1987.005479    8.200000
 1987.079452    8.950000
 1987.156164    8.900000
 1987.230137    7.800000
 1987.303995    8.350000
 1987.380708   14.900000
 1987.454680   14.750000
 1987.528653   12.600000
 1987.602626   15.500000
 1987.679338   33.350000
 1987.753311   18.850000
 1987.827397   22.550000
 1987.904110   18.300000
 1987.978082   18.600000
 1988.051913   22.800000
 1988.125683   25.550000
 1988.202186   39.850000
 1988.275842   31.350000
 1988.349613   44.350000
 1988.423383   43.700000
 1988.499886   40.000000
 1988.573657   37.750000
 1988.647427   49.050000
 1988.723930   32.750000
 1988.797700   34.550000
 1988.871585   43.450000
 1988.945355   45.200000
 1989.021918   51.100000
 1989.095890   64.400000
 1989.169863   54.750000
 1989.243836   55.800000
 1989.320434   56.050000
 1989.394406   74.050000
 1989.468379   73.150000
 1989.545091   74.300000
 1989.619064   71.500000
 1989.693037   67.200000
 1989.767009   62.400000
 1989.843836   66.350000
 1989.917808   69.300000
 1989.991781   70.400000
 1990.068493   69.800000
 1990.142466   74.000000
 1990.216438   72.400000
 1990.290297   60.250000
 1990.367009   75.100000
 1990.440982   73.150000
 1990.514954   73.250000
 1990.588927   64.300000
 1990.665639   71.650000
 1990.739612   74.550000
 1990.813584   72.450000
 1990.890411   67.150000
 1990.964384   47.250000
 1991.038356   69.600000
 1991.112329   70.100000
 1991.189041   60.950000
 1991.263014   61.400000
 1991.336872   56.900000
 1991.410845   56.850000
 1991.487557   59.050000
 1991.561530   57.750000
 1991.635502   59.050000
 1991.712215   57.500000
 1991.786187   55.000000
 1991.860274   52.750000
 1991.934247   37.750000
 1992.010929   36.200000
 1992.084699   29.750000
 1992.158470   30.450000
 1992.232240   31.950000
 1992.308629   29.300000
 1992.382400   22.500000
 1992.456170   29.250000
 1992.532673   34.200000
 1992.606444   37.250000
 1992.680214   34.800000
 1992.753985   32.300000
 1992.830601   29.450000
 1992.904372   36.450000
 1992.978142   42.500000
 1993.054795   44.800000
 1993.128767   41.000000
 1993.202740   39.800000
 1993.276598   34.900000
 1993.353311   31.900000
 1993.427283   32.700000
 1993.501256   29.950000
 1993.575228   30.250000
 1993.651941   28.850000
 1993.725913   26.600000
 1993.799886   24.050000
 1993.876712   29.900000
 1993.950685   34.050000
 1994.024658   35.350000
 1994.098630   34.900000
 1994.175342   34.200000
 1994.249315   33.150000
 1994.323174   32.500000
 1994.397146   27.250000
 1994.473858   23.500000
 1994.547831   20.050000
 1994.621804   19.200000
 1994.698516   20.800000
 1994.772489   19.150000
 1994.846575   18.550000
 1994.920548   20.550000
 1994.997260   20.450000
 1995.071233   20.150000
 1995.145205   16.850000
 1995.221918   23.550000
 1995.295776   22.850000
 1995.369749   22.350000
 1995.443721   20.850000
 1995.520434   19.000000
 1995.594406   13.600000
 1995.668379   14.150000
 1995.742352   10.550000
 1995.819064   11.900000
 1995.893151   12.200000
 1995.967123    7.600000
 1996.043716    6.150000
 1996.117486    3.400000
 1996.191257   11.350000
 1996.265027   10.800000
 1996.341416    8.050000
 1996.415187    8.300000
 1996.488957    8.600000
 1996.562728    9.800000
 1996.639230   12.100000
 1996.713001   13.750000
 1996.786771    8.450000
 1996.863388   12.850000
 1996.937158   15.300000
 1997.010959   20.450000
 1997.084932   14.200000
 1997.161644    5.000000
 1997.235616    8.000000
 1997.309475    4.150000
 1997.383447    5.600000
 1997.460160    5.550000
 1997.534132   12.950000
 1997.608105   20.350000
 1997.684817   25.150000
 1997.758790   12.950000
 1997.832877    6.400000
 1997.906849   12.450000
 1997.983562   19.300000
 1998.057534   29.700000
 1998.131507   25.950000
 1998.208219   53.500000
 1998.282078   53.050000
 1998.356050   37.900000
 1998.430023   47.500000
 1998.506735   44.000000
 1998.580708   27.500000
 1998.654680   31.900000
 1998.728653   24.700000
 1998.805365   39.350000
 1998.879452   51.250000
 1998.953425   46.550000
 1999.030137   49.150000
 1999.104110   52.150000
 1999.178082   47.500000
 1999.252055   56.100000
 1999.328653   68.200000
 1999.402626   73.550000
 1999.476598   75.000000
 1999.550571   75.050000
 1999.627283   71.100000
 1999.701256   69.850000
 1999.775228   63.150000
 1999.852055   69.050000
 1999.926027   72.300000
 2000.000000   73.800000
 2000.073770   72.900000
 2000.150273   73.100000
 2000.224044   69.450000
 2000.297700   73.700000
 2000.371471   67.650000
 2000.447974   71.950000
 2000.521744   65.000000
 2000.595515   52.200000
 2000.672017   64.900000
 2000.745788   61.200000
 2000.819558   49.650000
 2000.893443   65.250000
 2000.969945   68.750000
 2001.043836   30.200000
 2001.117808   27.350000
 2001.194521   24.150000
 2001.268379   51.700000
 2001.342352   56.150000
 2001.416324   57.700000
 2001.493037   57.700000
 2001.567009   44.450000
 2001.640982   46.600000
 2001.714954   41.550000
 2001.791667   49.550000
 2001.865753   56.550000
 2001.939726   53.350000
 2002.016438   55.850000
 2002.090411   68.050000
 2002.164384   51.550000
 2002.238356   50.800000
 2002.314954   47.600000
 2002.388927   42.250000
 2002.462900   48.150000
 2002.536872   57.400000
 2002.613584   44.700000
 2002.687557   69.150000
 2002.761530   59.150000
 2002.838356   50.250000
 2002.912329   55.700000
 2002.986301   62.650000
 2003.060274   61.500000
 2003.136986   60.250000
 2003.210959   57.650000
 2003.284817   58.000000
 2003.361530   57.050000
 2003.435502   53.150000
 2003.509475   52.300000
 2003.583447   45.900000
 2003.660160   45.700000
 2003.734132   40.500000
 2003.808105   53.600000
 2003.882192   46.950000
 2003.958904   52.350000
 2004.032787   52.200000
 2004.106557   49.700000
 2004.183060   43.150000
 2004.256831   47.750000
 2004.330487   44.000000
 2004.404258   42.950000
 2004.480760   41.850000
 2004.554531   43.750000
 2004.628301   33.400000
 2004.702072   30.200000
 2004.778575   29.050000
 2004.852459   42.350000
 2004.926230   39.300000
 2005.002740   34.450000
 2005.076712   30.800000
 2005.150685   31.550000
 2005.224658   29.600000
 2005.301256   26.300000
 2005.375228   29.800000
 2005.449201   30.000000
 2005.523174   33.050000
 2005.599886   30.250000
 2005.673858   28.600000
 2005.747831   30.700000
 2005.824543   34.100000
 2005.898630   33.150000
 2005.972603   30.300000
 2006.046575   21.850000
 2006.123288   25.300000
 2006.197260   33.300000
 2006.271119   30.050000
 2006.347831   24.500000
 2006.421804   25.500000
 2006.495776   27.250000
 2006.569749   28.200000
 2006.646461   29.950000
 2006.720434   20.400000
 2006.794406   20.850000
 2006.868493   23.500000
 2006.945205   29.350000
 2007.019178   31.850000
 2007.093151   29.000000
 2007.169863   26.500000
 2007.243721   29.650000
 2007.317694   28.000000
 2007.391667   26.200000
 2007.468379   23.950000
 2007.542352   20.600000
 2007.616324   21.300000
 2007.690297   21.250000
 2007.767009   22.600000
 2007.840982   27.050000
 2007.915068   27.350000
 2007.991781   32.400000
 2008.065574   36.000000
 2008.139344   36.250000
 2008.213001   34.300000
 2008.289504   33.500000
 2008.363274   29.500000
 2008.437045   26.650000
 2008.510815   23.550000
 2008.587318   22.350000
 2008.661088   23.550000
 2008.734859   18.050000
 2008.811362   18.750000
 2008.885246   18.900000
 2008.959016   16.950000
 2009.032877   21.600000
 2009.109589   22.950000
 2009.183447   23.100000
 2009.257420   21.350000
 2009.334132   15.750000
 2009.408105   12.550000
 2009.482078   12.150000
 2009.556050   11.650000
 2009.632763    7.650000
 2009.706735    6.250000
 2009.780708    3.000000
 2009.854795   12.400000
 2009.931507   22.150000
 2010.005479   32.200000
 2010.079452   32.485211
 2010.156164   32.780986
 2010.230023   33.065757
 2010.303995   33.350968
 2010.377968   33.636180
 2010.454680   33.931954
 2010.528653   34.217165
 2010.602626   34.502377
 2010.676598   34.787588
 2010.753311   35.083363
 2010.827283   35.368574
 2010.901370   35.654225
 2010.978082   35.950000
 2011.052055   39.800000
 2011.126027   41.400000
 2011.199886   55.500000
 2011.276598   59.250000
 2011.350571   49.900000
 2011.424543   48.600000
 2011.501256   53.150000
 2011.575228   55.500000
 2011.649201   55.150000
 2011.723174   60.850000
 2011.799886   56.800000
 2011.873973   50.850000
 2011.947945   57.000000
 2012.021858   58.700000
 2012.098361   59.550000
 2012.172131   46.550000
 2012.245788   47.700000
 2012.322291   54.750000
 2012.396061   69.150000
 2012.469832   70.600000
 2012.543602   69.250000
 2012.620105   68.650000
 2012.693875   63.800000
 2012.767646   72.550000
 2012.841416   74.650000
 2012.918033   62.400000
 2012.991803   73.100000
 2013.065753   69.400000
 2013.142466   67.050000
 2013.216324   74.200000
 2013.290297   74.250000
 2013.364269   67.950000
 2013.440982   62.450000
 2013.514954   68.200000
 2013.588927   65.550000
 2013.662900   58.800000
 2013.739612   64.400000
 2013.813584   60.300000
 2013.887671   52.450000
 2013.964384   55.400000
 2014.038356   57.150000
 2014.112329   64.850000
 2014.186187   42.650000
 2014.262900   48.800000
 2014.336872   43.750000
 2014.410845   38.400000
 2014.487557   32.500000
 2014.561530   50.200000
 2014.635502   55.500000
 2014.709475   61.800000
 2014.786187   67.900000
 2014.860274   60.400000
 2014.934247   57.750000
 2015.008219   56.500000
 2015.084932   49.800000
 2015.158904   44.250000
 2015.232763   38.400000
 2015.309475   36.350000
 2015.383447   39.450000
 2015.457420   36.450000
 2015.531393   31.500000
 2015.608105   33.000000
 2015.682078   30.950000
 2015.756050   32.250000
 2015.830023   36.500000
 2015.906849   35.900000
 2015.980822   37.100000
 2016.054645   39.600000
 2016.131148   36.050000
 2016.204804   34.900000
 2016.278575   29.250000
 2016.352345   29.400000
 2016.428848   30.150000
 2016.502618   29.950000
 2016.576389   31.350000
 2016.652892   31.950000
 2016.726662   33.950000
 2016.800433   35.300000
 2016.874317   32.800000
 2016.950820   31.450000
 2017.024658   32.650000
 2017.098630   25.150000
 2017.172603   22.450000
 2017.249201   18.600000
 2017.323174   17.700000
 2017.397146   17.500000
 2017.473858   18.050000
 2017.547831   15.350000
 2017.621804   12.400000
 2017.695776   14.750000
 2017.772489   15.850000
 2017.846575   15.650000
 2017.920548   15.150000
 2017.994521   12.400000
 2018.071233   14.650000
 2018.145205   11.250000
 2018.219064   11.900000
 2018.295776   10.300000
 2018.369749    6.400000
 2018.443721    9.550000
 2018.517694   17.950000
 2018.594406   12.700000
 2018.668379   13.000000
 2018.742352   17.550000
 2018.816324   17.200000
 2018.893151   16.400000
 2018.967123   15.550000
 2019.041096   17.900000
 2019.117808   13.350000
 2019.191667   16.600000
 2019.265639   18.550000
 2019.339612   18.400000
 2019.416324   14.450000
 2019.490297   14.050000
 2019.564269   14.050000
 2019.640982   13.550000
 2019.714954   11.650000
 2019.788927   11.600000
 2019.863014   11.450000
 2019.939726   13.500000
 2020.013661   10.600000
 2020.087432    9.050000
 2020.161202    6.550000
 2020.237591    6.750000
 2020.311362    4.100000
 2020.385132   11.800000
 2020.461635    3.650000
 2020.535405   10.850000
 2020.609176    8.500000
 2020.682946   10.450000
 2020.759449   16.150000
 2020.833219   12.700000
 2020.907104   31.400000
 2020.980874   18.350000
 2021.057534   21.650000
 2021.131507   21.450000
 2021.205365   23.450000
 2021.282078   21.750000
 2021.356050   15.350000
 2021.430023   24.400000
 2021.503995   14.900000
 2021.580708   14.150000
 2021.654680   28.150000
 2021.728653   20.100000
 2021.802626   22.750000
 2021.879452   33.300000
 2021.953425   39.200000
 2022.027397   47.450000
 2022.104110   43.650000
 2022.178082   36.200000
 2022.251941   49.950000
 2022.325913   66.700000
 2022.402626   70.100000
 2022.476598   73.750000
 2022.550571   73.750000
 2022.627283   73.050000
 2022.701256   70.650000
 2022.775228   67.850000
 2022.849315   63.850000
 2022.926027   58.400000
 2023.000000   74.250000
 2023.073973   74.600000
 2023.147945   74.550000
 2023.224543   74.400000
 2023.298516   73.850000
 2023.372489   71.550000
 2023.449201   72.100000
 2023.523174   69.700000
 2023.597146   71.700000
 2023.671119   75.000000
 2023.747831   72.550000
 2023.821804   64.700000
 2023.895890   64.150000
 2023.969863   68.600000
 2024.046448   60.050000
 2024.120219   68.550000
 2024.193875   69.150000
 2024.270378   63.850000
 2024.344148   68.950000
