643
 1976.401526   15.500000
 1976.475296   14.800000
 1976.551799   13.500000
 1976.625569   14.200000
 1976.699340   15.000000
 1976.775842   18.100000
 1976.849727   14.600000
 1976.923497   15.100000
 1976.997268   19.200000
 1977.073973   18.300000
 1977.147945   15.600000
 1977.221918   29.000000
 1977.295890   31.200000
 1977.372489   35.300000
 1977.446461   38.000000
 1977.520434   30.100000
 1977.597146   24.400000
 1977.671119   26.200000
 1977.745091   28.900000
 1977.819064   29.200000
 1977.895890   41.600000
 1977.969863   29.000000
 1978.043836   52.000000
 1978.117808   54.100000
 1978.194521   50.100000
 1978.268493   47.200000
 1978.342352   49.300000
 1978.419064   39.400000
 1978.493037   37.100000
 1978.567009   35.800000
 1978.640982   51.600000
 1978.717694   64.300000
 1978.791667   65.700000
 1978.865753   61.300000
 1978.939726   65.700000
 1979.016438   66.300000
 1979.090411   75.000000
 1979.164384   74.500000
 1979.241096   74.400000
 1979.315068   73.300000
 1979.388927   75.000000
 1979.462900   73.700000
 1979.539612   75.000000
 1979.613584   73.200000
 1979.687557   74.000000
 1979.764269   74.900000
 1979.838356   75.100000
 1979.912329   66.300000
 1979.986301   75.000000
 1980.062842   73.400000
 1980.136612   74.800000
 1980.210383   74.600000
 1980.284153   74.600000
 1980.360542   60.900000
 1980.434312   47.800000
 1980.508083   58.500000
 1980.584586   66.100000
 1980.658356   61.000000
 1980.732127   66.900000
 1980.805897   69.100000
 1980.882514   67.600000
 1980.956284   61.700000
 1981.030137   66.500000
 1981.104110   63.600000
 1981.180822   56.400000
 1981.254795   59.000000
 1981.328653   59.000000
 1981.405365   55.500000
 1981.479338   71.700000
 1981.553311   52.800000
 1981.627283   60.800000
 1981.703995   59.700000
 1981.777968   51.300000
 1981.852055   51.900000
 1981.928767   55.500000
 1982.002740   63.300000
 1982.076712   54.400000
 1982.150685   40.900000
 1982.227397   50.500000
 1982.301370   60.900000
 1982.375228   59.100000
 1982.449201   58.400000
 1982.525913   57.100000
 1982.599886   59.200000
 1982.673858   60.200000
 1982.750571   49.900000
 1982.824543   42.800000
 1982.898630   45.000000
 1982.972603   47.300000
 1983.049315   47.500000
 1983.123288   45.800000
 1983.197260   38.000000
 1983.271233   46.200000
 1983.347831   50.600000
 1983.421804   48.500000
 1983.495776   50.000000
 1983.572489   46.100000
 1983.646461   45.900000
 1983.720434   43.200000
 1983.794406   39.500000
 1983.871233   38.400000
 1983.945205   27.800000
 1984.019126   33.500000
 1984.092896   38.400000
 1984.169399   40.300000
 1984.243169   43.300000
 1984.316940   45.600000
 1984.393329   44.900000
 1984.467099   43.800000
 1984.540870   42.000000
 1984.614640   42.600000
 1984.691143   40.200000
 1984.764913   36.700000
 1984.838798   33.500000
 1984.915301   29.200000
 1984.989071   27.900000
 1985.063014   21.500000
 1985.136986   19.700000
 1985.213699   16.900000
 1985.287671   15.900000
 1985.361530   14.900000
 1985.435502   16.800000
 1985.512215   17.900000
 1985.586187   17.100000
 1985.660160   16.800000
 1985.736872   15.900000
 1985.810845   17.100000
 1985.884932   18.600000
 1985.958904   17.400000
 1986.035616   16.600000
 1986.109589   23.900000
 1986.183562   20.900000
 1986.257534   16.000000
 1986.334132   15.400000
 1986.408105   13.300000
 1986.482078   11.600000
 1986.558790    9.400000
 1986.632763    9.600000
 1986.706735    8.600000
 1986.780708    7.400000
 1986.857534    5.200000
 1986.931507    8.900000
 1987.005479    9.400000
 1987.079452   10.500000
 1987.156164   10.500000
 1987.230137    9.700000
 1987.303995   10.000000
 1987.380708   18.400000
 1987.454680   18.600000
 1987.528653   14.700000
 1987.602626   17.900000
 1987.679338   42.000000
 1987.753311   23.900000
 1987.827397   30.200000
 1987.904110   25.600000
 1987.978082   26.200000
 1988.051913   28.500000
 1988.125683   32.500000
 1988.202186   48.000000
 1988.275842   40.400000
 1988.349613   53.300000
 1988.423383   50.300000
 1988.499886   45.300000
 1988.573657   41.500000
 1988.647427   54.000000
 1988.723930   37.200000
 1988.797700   38.500000
 1988.871585   50.700000
 1988.945355   52.100000
 1989.021918   58.300000
 1989.095890   67.800000
 1989.169863   60.400000
 1989.243836   64.700000
 1989.320434   65.300000
 1989.394406   73.200000
 1989.468379   74.400000
 1989.545091   74.800000
 1989.619064   75.200000
 1989.693037   74.500000
 1989.767009   53.600000
 1989.843836   59.200000
 1989.917808   64.100000
 1989.991781   65.900000
 1990.068493   66.000000
 1990.142466   73.900000
 1990.216438   75.100000
 1990.290297   65.300000
 1990.367009   75.100000
 1990.440982   74.600000
 1990.514954   74.500000
 1990.588927   55.200000
 1990.665639   74.100000
 1990.739612   74.700000
 1990.813584   75.100000
 1990.890411   63.400000
 1990.964384   53.600000
 1991.038356   67.900000
 1991.112329   70.200000
 1991.189041   63.400000
 1991.263014   64.300000
 1991.336872   61.600000
 1991.410845   63.000000
 1991.487557   65.000000
 1991.561530   64.800000
 1991.635502   66.800000
 1991.712215   65.400000
 1991.786187   62.700000
 1991.860274   60.100000
 1991.934247   47.200000
 1992.010929   44.100000
 1992.084699   38.500000
 1992.158470   38.700000
 1992.232240   39.700000
 1992.308629   39.100000
 1992.382400   28.500000
 1992.456170   36.800000
 1992.532673   43.100000
 1992.606444   46.100000
 1992.680214   44.500000
 1992.753985   41.700000
 1992.830601   38.500000
 1992.904372   46.400000
 1992.978142   50.400000
 1993.054795   52.200000
 1993.128767   48.100000
 1993.202740   47.300000
 1993.276598   42.500000
 1993.353311   38.800000
 1993.427283   42.500000
 1993.501256   40.800000
 1993.575228   41.100000
 1993.651941   38.600000
 1993.725913   32.900000
 1993.799886   31.100000
 1993.876712   37.400000
 1993.950685   41.600000
 1994.024658   43.300000
 1994.098630   43.100000
 1994.175342   42.600000
 1994.249315   42.000000
 1994.323174   40.300000
 1994.397146   35.600000
 1994.473858   30.800000
 1994.547831   26.900000
 1994.621804   26.400000
 1994.698516   28.900000
 1994.772489   26.800000
 1994.846575   25.600000
 1994.920548   28.300000
 1994.997260   26.500000
 1995.071233   27.200000
 1995.145205   22.000000
 1995.221918   31.300000
 1995.295776   31.300000
 1995.369749   31.600000
 1995.443721   29.700000
 1995.520434   26.500000
 1995.594406   19.300000
 1995.668379   19.900000
 1995.742352   15.700000
 1995.819064   16.200000
 1995.893151   16.500000
 1995.967123   10.700000
 1996.043716    9.500000
 1996.117486    5.000000
 1996.191257   16.600000
 1996.265027   15.900000
 1996.341416   11.500000
 1996.415187   11.800000
 1996.488957   14.700000
 1996.562728   16.700000
 1996.639230   21.500000
 1996.713001   22.600000
 1996.786771   15.800000
 1996.863388   18.500000
 1996.937158   21.900000
 1997.010959   29.000000
 1997.084932   19.400000
 1997.161644    6.800000
 1997.235616   11.500000
 1997.309475    6.000000
 1997.383447    9.100000
 1997.460160    9.300000
 1997.534132   20.800000
 1997.608105   29.900000
 1997.684817   37.000000
 1997.758790   18.600000
 1997.832877   13.000000
 1997.906849   22.000000
 1997.983562   29.000000
 1998.057534   40.800000
 1998.131507   34.000000
 1998.208219   63.400000
 1998.282078   63.000000
 1998.356050   48.600000
 1998.430023   56.800000
 1998.506735   56.800000
 1998.580708   43.700000
 1998.654680   48.800000
 1998.728653   39.800000
 1998.805365   47.400000
 1998.879452   60.500000
 1998.953425   54.500000
 1999.030137   58.400000
 1999.104110   60.900000
 1999.178082   52.900000
 1999.252055   60.100000
 1999.328653   74.900000
 1999.402626   74.100000
 1999.476598   75.100000
 1999.550571   75.100000
 1999.627283   71.500000
 1999.701256   67.400000
 1999.775228   71.100000
 1999.852055   74.600000
 1999.926027   74.700000
 2000.000000   74.300000
 2000.073770   72.000000
 2000.150273   71.300000
 2000.224044   64.400000
 2000.297700   74.700000
 2000.371471   68.300000
 2000.447974   69.600000
 2000.521744   69.500000
 2000.595515   58.800000
 2000.672017   69.900000
 2000.745788   67.900000
 2000.819558   60.100000
 2000.893443   70.100000
 2000.969945   66.000000
 2001.043836   50.600000
 2001.117808   52.900000
 2001.194521   44.800000
 2001.268379   59.100000
 2001.342352   66.100000
 2001.416324   65.500000
 2001.493037   63.100000
 2001.567009   57.000000
 2001.640982   58.400000
 2001.714954   50.300000
 2001.791667   54.800000
 2001.865753   63.000000
 2001.939726   65.900000
 2002.016438   67.200000
 2002.090411   75.100000
 2002.164384   63.100000
 2002.238356   60.400000
 2002.314954   55.700000
 2002.388927   52.300000
 2002.462900   58.000000
 2002.536872   63.700000
 2002.613584   51.900000
 2002.687557   68.900000
 2002.761530   65.300000
 2002.838356   58.500000
 2002.912329   61.100000
 2002.986301   66.400000
 2003.060274   67.200000
 2003.136986   66.600000
 2003.210959   65.000000
 2003.284817   65.900000
 2003.361530   65.300000
 2003.435502   61.700000
 2003.509475   61.800000
 2003.583447   56.800000
 2003.660160   55.600000
 2003.734132   51.500000
 2003.808105   61.900000
 2003.882192   53.900000
 2003.958904   58.700000
 2004.032787   60.100000
 2004.106557   56.300000
 2004.183060   51.700000
 2004.256831   55.700000
 2004.330487   53.200000
 2004.404258   52.300000
 2004.480760   50.900000
 2004.554531   49.200000
 2004.628301   40.000000
 2004.702072   39.600000
 2004.778575   37.800000
 2004.852459   50.500000
 2004.926230   48.500000
 2005.002740   41.700000
 2005.076712   35.000000
 2005.150685   36.400000
 2005.224658   34.400000
 2005.301256   34.100000
 2005.375228   38.800000
 2005.449201   38.900000
 2005.523174   42.300000
 2005.599886   40.500000
 2005.673858   40.600000
 2005.747831   41.700000
 2005.824543   44.200000
 2005.898630   43.900000
 2005.972603   39.900000
 2006.046575   30.700000
 2006.123288   33.600000
 2006.197260   41.600000
 2006.271119   43.100000
 2006.347831   34.200000
 2006.421804   36.000000
 2006.495776   38.000000
 2006.569749   38.600000
 2006.646461   40.300000
 2006.720434   30.200000
 2006.794406   31.700000
 2006.868493   37.300000
 2006.945205   40.000000
 2007.019178   40.900000
 2007.093151   38.600000
 2007.169863   36.300000
 2007.243721   40.600000
 2007.317694   39.500000
 2007.391667   37.900000
 2007.468379   35.400000
 2007.542352   32.400000
 2007.616324   32.600000
 2007.690297   32.500000
 2007.767009   32.200000
 2007.840982   37.200000
 2007.915068   37.400000
 2007.991781   42.200000
 2008.065574   44.700000
 2008.139344   44.400000
 2008.213001   43.300000
 2008.289504   43.500000
 2008.363274   40.500000
 2008.437045   37.500000
 2008.510815   33.400000
 2008.587318   31.700000
 2008.661088   33.000000
 2008.734859   28.100000
 2008.811362   28.200000
 2008.885246   27.100000
 2008.959016   23.300000
 2009.032877   26.800000
 2009.109589   28.500000
 2009.183447   28.500000
 2009.257420   27.200000
 2009.334132   21.000000
 2009.408105   18.300000
 2009.482078   17.800000
 2009.556050   17.000000
 2009.632763   11.800000
 2009.706735   10.500000
 2009.780708    4.900000
 2009.854795   15.200000
 2009.931507   28.500000
 2010.005479   42.200000
 2010.079452   42.207606
 2010.156164   42.215493
 2010.230023   42.223087
 2010.303995   42.230692
 2010.377968   42.238298
 2010.454680   42.246185
 2010.528653   42.253791
 2010.602626   42.261397
 2010.676598   42.269002
 2010.753311   42.276890
 2010.827283   42.284495
 2010.901370   42.292113
 2010.978082   42.300000
 2011.052055   45.800000
 2011.126027   44.700000
 2011.199886   59.400000
 2011.276598   64.800000
 2011.350571   57.000000
 2011.424543   57.800000
 2011.501256   63.600000
 2011.575228   65.400000
 2011.649201   64.300000
 2011.723174   67.100000
 2011.799886   65.300000
 2011.873973   58.700000
 2011.947945   65.400000
 2012.021858   68.500000
 2012.098361   65.900000
 2012.172131   51.200000
 2012.245788   51.700000
 2012.322291   61.200000
 2012.396061   74.900000
 2012.469832   75.100000
 2012.543602   73.300000
 2012.620105   71.200000
 2012.693875   68.300000
 2012.767646   72.700000
 2012.841416   74.300000
 2012.918033   50.900000
 2012.991803   73.800000
 2013.065753   68.000000
 2013.142466   60.500000
 2013.216324   74.800000
 2013.290297   74.800000
 2013.364269   75.100000
 2013.440982   74.000000
 2013.514954   70.900000
 2013.588927   66.900000
 2013.662900   61.700000
 2013.739612   66.300000
 2013.813584   63.000000
 2013.887671   60.000000
 2013.964384   58.900000
 2014.038356   56.300000
 2014.112329   63.500000
 2014.186187   45.900000
 2014.262900   51.100000
 2014.336872   48.100000
 2014.410845   43.200000
 2014.487557   37.700000
 2014.561530   51.800000
 2014.635502   57.900000
 2014.709475   63.600000
 2014.786187   70.700000
 2014.860274   64.800000
 2014.934247   61.800000
 2015.008219   61.800000
 2015.084932   55.600000
 2015.158904   51.100000
 2015.232763   44.800000
 2015.309475   42.200000
 2015.383447   44.400000
 2015.457420   43.900000
 2015.531393   38.200000
 2015.608105   40.600000
 2015.682078   38.200000
 2015.756050   40.500000
 2015.830023   44.700000
 2015.906849   44.100000
 2015.980822   44.300000
 2016.054645   46.800000
 2016.131148   44.100000
 2016.204804   42.300000
 2016.278575   35.900000
 2016.352345   35.200000
 2016.428848   36.500000
 2016.502618   35.000000
 2016.576389   36.600000
 2016.652892   37.400000
 2016.726662   40.600000
 2016.800433   43.000000
 2016.874317   41.600000
 2016.950820   40.100000
 2017.024658   42.000000
 2017.098630   33.600000
 2017.172603   30.500000
 2017.249201   25.000000
 2017.323174   25.000000
 2017.397146   24.200000
 2017.473858   22.700000
 2017.547831   18.400000
 2017.621804   14.700000
 2017.695776   18.200000
 2017.772489   20.600000
 2017.846575   20.400000
 2017.920548   19.300000
 2017.994521   14.800000
 2018.071233   18.000000
 2018.145205   13.600000
 2018.219064   14.400000
 2018.295776   14.000000
 2018.369749    9.900000
 2018.443721   14.300000
 2018.517694   24.300000
 2018.594406   19.900000
 2018.668379   22.500000
 2018.742352   27.500000
 2018.816324   26.400000
 2018.893151   24.100000
 2018.967123   22.800000
 2019.041096   25.100000
 2019.117808   18.100000
 2019.191667   23.900000
 2019.265639   27.100000
 2019.339612   27.400000
 2019.416324   22.400000
 2019.490297   22.000000
 2019.564269   21.300000
 2019.640982   22.400000
 2019.714954   20.900000
 2019.788927   19.800000
 2019.863014   18.100000
 2019.939726   19.300000
 2020.013661   14.600000
 2020.087432   13.300000
 2020.161202    9.500000
 2020.237591    9.600000
 2020.311362    5.800000
 2020.385132   18.200000
 2020.461635    6.800000
 2020.535405   16.200000
 2020.609176   13.500000
 2020.682946   15.100000
 2020.759449   20.800000
 2020.833219   16.200000
 2020.907104   43.200000
 2020.980874   24.300000
 2021.057534   30.000000
 2021.131507   29.300000
 2021.205365   32.900000
 2021.282078   29.600000
 2021.356050   23.200000
 2021.430023   39.200000
 2021.503995   24.400000
 2021.580708   22.300000
 2021.654680   41.200000
 2021.728653   30.400000
 2021.802626   34.000000
 2021.879452   44.200000
 2021.953425   50.200000
 2022.027397   57.300000
 2022.104110   53.600000
 2022.178082   47.700000
 2022.251941   60.300000
 2022.325913   74.400000
 2022.402626   74.900000
 2022.476598   74.400000
 2022.550571   73.700000
 2022.627283   73.900000
 2022.701256   71.200000
 2022.775228   60.600000
 2022.849315   52.600000
 2022.926027   61.900000
 2023.000000   75.000000
 2023.073973   75.100000
 2023.147945   74.500000
 2023.224543   74.600000
 2023.298516   75.000000
 2023.372489   75.000000
 2023.449201   75.000000
 2023.523174   67.800000
 2023.597146   69.200000
 2023.671119   75.100000
 2023.747831   75.200000
 2023.821804   74.800000
 2023.895890   74.600000
 2023.969863   74.800000
 2024.046448   68.300000
 2024.120219   70.200000
 2024.193875   74.000000
 2024.270378   74.000000
 2024.344148   74.900000
