643
 1976.401526    9.000000
 1976.475296    7.800000
 1976.551799    5.500000
 1976.625569    4.000000
 1976.699340    4.700000
 1976.775842    8.400000
 1976.849727    8.500000
 1976.923497    7.900000
 1976.997268    8.800000
 1977.073973   12.900000
 1977.147945    8.500000
 1977.221918   13.000000
 1977.295890   15.400000
 1977.372489   15.500000
 1977.446461   17.300000
 1977.520434   12.200000
 1977.597146   10.100000
 1977.671119   14.700000
 1977.745091   15.200000
 1977.819064   15.100000
 1977.895890   23.100000
 1977.969863   16.900000
 1978.043836   27.900000
 1978.117808   33.200000
 1978.194521   28.000000
 1978.268493   27.200000
 1978.342352   28.400000
 1978.419064   19.400000
 1978.493037   18.000000
 1978.567009   22.200000
 1978.640982   16.500000
 1978.717694   50.300000
 1978.791667   51.300000
 1978.865753   45.400000
 1978.939726   44.700000
 1979.016438   47.200000
 1979.090411   58.000000
 1979.164384   62.600000
 1979.241096   69.900000
 1979.315068   73.400000
 1979.388927   60.300000
 1979.462900   57.500000
 1979.539612   68.400000
 1979.613584   52.700000
 1979.687557   67.800000
 1979.764269   73.400000
 1979.838356   66.600000
 1979.912329   65.000000
 1979.986301   68.900000
 1980.062842   58.000000
 1980.136612   75.100000
 1980.210383   72.700000
 1980.284153   49.900000
 1980.360542   44.500000
 1980.434312   29.200000
 1980.508083   46.900000
 1980.584586   47.000000
 1980.658356   44.600000
 1980.732127   49.400000
 1980.805897   50.800000
 1980.882514   50.900000
 1980.956284   46.600000
 1981.030137   48.500000
 1981.104110   48.400000
 1981.180822   41.500000
 1981.254795   44.700000
 1981.328653   41.700000
 1981.405365   33.700000
 1981.479338   45.100000
 1981.553311   30.200000
 1981.627283   36.700000
 1981.703995   35.200000
 1981.777968   27.700000
 1981.852055   23.800000
 1981.928767   31.200000
 1982.002740   41.400000
 1982.076712   43.200000
 1982.150685   31.400000
 1982.227397   41.500000
 1982.301370   47.700000
 1982.375228   47.100000
 1982.449201   51.500000
 1982.525913   48.100000
 1982.599886   50.900000
 1982.673858   47.300000
 1982.750571   32.300000
 1982.824543   24.500000
 1982.898630   22.300000
 1982.972603   28.800000
 1983.049315   31.800000
 1983.123288   26.300000
 1983.197260   23.100000
 1983.271233   30.700000
 1983.347831   31.600000
 1983.421804   28.300000
 1983.495776   27.900000
 1983.572489   26.200000
 1983.646461   28.000000
 1983.720434   24.000000
 1983.794406   20.700000
 1983.871233   21.600000
 1983.945205   16.700000
 1984.019126   21.700000
 1984.092896   26.100000
 1984.169399   25.600000
 1984.243169   26.300000
 1984.316940   29.100000
 1984.393329   27.800000
 1984.467099   25.900000
 1984.540870   25.600000
 1984.614640   26.800000
 1984.691143   23.500000
 1984.764913   20.800000
 1984.838798   18.800000
 1984.915301   14.900000
 1984.989071   14.500000
 1985.063014   12.800000
 1985.136986   11.100000
 1985.213699    9.500000
 1985.287671    7.700000
 1985.361530    6.900000
 1985.435502    6.700000
 1985.512215    6.500000
 1985.586187    6.300000
 1985.660160    7.500000
 1985.736872    6.400000
 1985.810845    6.700000
 1985.884932    8.700000
 1985.958904    9.500000
 1986.035616   10.700000
 1986.109589   16.000000
 1986.183562   14.900000
 1986.257534   10.300000
 1986.334132    6.900000
 1986.408105    6.200000
 1986.482078    5.000000
 1986.558790    4.200000
 1986.632763    2.500000
 1986.706735    3.200000
 1986.780708    4.700000
 1986.857534    4.300000
 1986.931507    5.600000
 1987.005479    7.000000
 1987.079452    7.400000
 1987.156164    7.300000
 1987.230137    5.900000
 1987.303995    6.700000
 1987.380708   11.400000
 1987.454680   10.900000
 1987.528653   10.500000
 1987.602626   13.100000
 1987.679338   24.700000
 1987.753311   13.800000
 1987.827397   14.900000
 1987.904110   11.000000
 1987.978082   11.000000
 1988.051913   17.100000
 1988.125683   18.600000
 1988.202186   31.700000
 1988.275842   22.300000
 1988.349613   35.400000
 1988.423383   37.100000
 1988.499886   34.700000
 1988.573657   34.000000
 1988.647427   44.100000
 1988.723930   28.300000
 1988.797700   30.600000
 1988.871585   36.200000
 1988.945355   38.300000
 1989.021918   43.900000
 1989.095890   61.000000
 1989.169863   49.100000
 1989.243836   46.900000
 1989.320434   46.800000
 1989.394406   74.900000
 1989.468379   71.900000
 1989.545091   73.800000
 1989.619064   67.800000
 1989.693037   59.900000
 1989.767009   71.200000
 1989.843836   73.500000
 1989.917808   74.500000
 1989.991781   74.900000
 1990.068493   73.600000
 1990.142466   74.100000
 1990.216438   69.700000
 1990.290297   55.200000
 1990.367009   75.100000
 1990.440982   71.700000
 1990.514954   72.000000
 1990.588927   73.400000
 1990.665639   69.200000
 1990.739612   74.400000
 1990.813584   69.800000
 1990.890411   70.900000
 1990.964384   40.900000
 1991.038356   71.300000
 1991.112329   70.000000
 1991.189041   58.500000
 1991.263014   58.500000
 1991.336872   52.200000
 1991.410845   50.700000
 1991.487557   53.100000
 1991.561530   50.700000
 1991.635502   51.300000
 1991.712215   49.600000
 1991.786187   47.300000
 1991.860274   45.400000
 1991.934247   28.300000
 1992.010929   28.300000
 1992.084699   21.000000
 1992.158470   22.200000
 1992.232240   24.200000
 1992.308629   19.500000
 1992.382400   16.500000
 1992.456170   21.700000
 1992.532673   25.300000
 1992.606444   28.400000
 1992.680214   25.100000
 1992.753985   22.900000
 1992.830601   20.400000
 1992.904372   26.500000
 1992.978142   34.600000
 1993.054795   37.400000
 1993.128767   33.900000
 1993.202740   32.300000
 1993.276598   27.300000
 1993.353311   25.000000
 1993.427283   22.900000
 1993.501256   19.100000
 1993.575228   19.400000
 1993.651941   19.100000
 1993.725913   20.300000
 1993.799886   17.000000
 1993.876712   22.400000
 1993.950685   26.500000
 1994.024658   27.400000
 1994.098630   26.700000
 1994.175342   25.800000
 1994.249315   24.300000
 1994.323174   24.700000
 1994.397146   18.900000
 1994.473858   16.200000
 1994.547831   13.200000
 1994.621804   12.000000
 1994.698516   12.700000
 1994.772489   11.500000
 1994.846575   11.500000
 1994.920548   12.800000
 1994.997260   14.400000
 1995.071233   13.100000
 1995.145205   11.700000
 1995.221918   15.800000
 1995.295776   14.400000
 1995.369749   13.100000
 1995.443721   12.000000
 1995.520434   11.500000
 1995.594406    7.900000
 1995.668379    8.400000
 1995.742352    5.400000
 1995.819064    7.600000
 1995.893151    7.900000
 1995.967123    4.500000
 1996.043716    2.800000
 1996.117486    1.800000
 1996.191257    6.100000
 1996.265027    5.700000
 1996.341416    4.600000
 1996.415187    4.800000
 1996.488957    2.500000
 1996.562728    2.900000
 1996.639230    2.700000
 1996.713001    4.900000
 1996.786771    1.100000
 1996.863388    7.200000
 1996.937158    8.700000
 1997.010959   11.900000
 1997.084932    9.000000
 1997.161644    3.200000
 1997.235616    4.500000
 1997.309475    2.300000
 1997.383447    2.100000
 1997.460160    1.800000
 1997.534132    5.100000
 1997.608105   10.800000
 1997.684817   13.300000
 1997.758790    7.300000
 1997.832877   -0.200000
 1997.906849    2.900000
 1997.983562    9.600000
 1998.057534   18.600000
 1998.131507   17.900000
 1998.208219   43.600000
 1998.282078   43.100000
 1998.356050   27.200000
 1998.430023   38.200000
 1998.506735   31.200000
 1998.580708   11.300000
 1998.654680   15.000000
 1998.728653    9.600000
 1998.805365   31.300000
 1998.879452   42.000000
 1998.953425   38.600000
 1999.030137   39.900000
 1999.104110   43.400000
 1999.178082   42.100000
 1999.252055   52.100000
 1999.328653   61.500000
 1999.402626   73.000000
 1999.476598   74.900000
 1999.550571   75.000000
 1999.627283   70.700000
 1999.701256   72.300000
 1999.775228   55.200000
 1999.852055   63.500000
 1999.926027   69.900000
 2000.000000   73.300000
 2000.073770   73.800000
 2000.150273   74.900000
 2000.224044   74.500000
 2000.297700   72.700000
 2000.371471   67.000000
 2000.447974   74.300000
 2000.521744   60.500000
 2000.595515   45.600000
 2000.672017   59.900000
 2000.745788   54.500000
 2000.819558   39.200000
 2000.893443   60.400000
 2000.969945   71.500000
 2001.043836    9.800000
 2001.117808    1.800000
 2001.194521    3.500000
 2001.268379   44.300000
 2001.342352   46.200000
 2001.416324   49.900000
 2001.493037   52.300000
 2001.567009   31.900000
 2001.640982   34.800000
 2001.714954   32.800000
 2001.791667   44.300000
 2001.865753   50.100000
 2001.939726   40.800000
 2002.016438   44.500000
 2002.090411   61.000000
 2002.164384   40.000000
 2002.238356   41.200000
 2002.314954   39.500000
 2002.388927   32.200000
 2002.462900   38.300000
 2002.536872   51.100000
 2002.613584   37.500000
 2002.687557   69.400000
 2002.761530   53.000000
 2002.838356   42.000000
 2002.912329   50.300000
 2002.986301   58.900000
 2003.060274   55.800000
 2003.136986   53.900000
 2003.210959   50.300000
 2003.284817   50.100000
 2003.361530   48.800000
 2003.435502   44.600000
 2003.509475   42.800000
 2003.583447   35.000000
 2003.660160   35.800000
 2003.734132   29.500000
 2003.808105   45.300000
 2003.882192   40.000000
 2003.958904   46.000000
 2004.032787   44.300000
 2004.106557   43.100000
 2004.183060   34.600000
 2004.256831   39.800000
 2004.330487   34.800000
 2004.404258   33.600000
 2004.480760   32.800000
 2004.554531   38.300000
 2004.628301   26.800000
 2004.702072   20.800000
 2004.778575   20.300000
 2004.852459   34.200000
 2004.926230   30.100000
 2005.002740   27.200000
 2005.076712   26.600000
 2005.150685   26.700000
 2005.224658   24.800000
 2005.301256   18.500000
 2005.375228   20.800000
 2005.449201   21.100000
 2005.523174   23.800000
 2005.599886   20.000000
 2005.673858   16.600000
 2005.747831   19.700000
 2005.824543   24.000000
 2005.898630   22.400000
 2005.972603   20.700000
 2006.046575   13.000000
 2006.123288   17.000000
 2006.197260   25.000000
 2006.271119   17.000000
 2006.347831   14.800000
 2006.421804   15.000000
 2006.495776   16.500000
 2006.569749   17.800000
 2006.646461   19.600000
 2006.720434   10.600000
 2006.794406   10.000000
 2006.868493    9.700000
 2006.945205   18.700000
 2007.019178   22.800000
 2007.093151   19.400000
 2007.169863   16.700000
 2007.243721   18.700000
 2007.317694   16.500000
 2007.391667   14.500000
 2007.468379   12.500000
 2007.542352    8.800000
 2007.616324   10.000000
 2007.690297   10.000000
 2007.767009   13.000000
 2007.840982   16.900000
 2007.915068   17.300000
 2007.991781   22.600000
 2008.065574   27.300000
 2008.139344   28.100000
 2008.213001   25.300000
 2008.289504   23.500000
 2008.363274   18.500000
 2008.437045   15.800000
 2008.510815   13.700000
 2008.587318   13.000000
 2008.661088   14.100000
 2008.734859    8.000000
 2008.811362    9.300000
 2008.885246   10.700000
 2008.959016   10.600000
 2009.032877   16.400000
 2009.109589   17.400000
 2009.183447   17.700000
 2009.257420   15.500000
 2009.334132   10.500000
 2009.408105    6.800000
 2009.482078    6.500000
 2009.556050    6.300000
 2009.632763    3.500000
 2009.706735    2.000000
 2009.780708    1.100000
 2009.854795    9.600000
 2009.931507   15.800000
 2010.005479   22.200000
 2010.079452   20.600000
 2010.156164   23.600000
 2010.230023   22.300000
 2010.303995   18.600000
 2010.377968   22.000000
 2010.454680   22.300000
 2010.528653   30.500000
 2010.602626   24.100000
 2010.676598   35.100000
 2010.753311   23.900000
 2010.827283   26.000000
 2010.901370   24.100000
 2010.978082   29.600000
 2011.052055   33.800000
 2011.126027   38.100000
 2011.199886   51.600000
 2011.276598   53.700000
 2011.350571   42.800000
 2011.424543   39.400000
 2011.501256   42.700000
 2011.575228   45.600000
 2011.649201   46.000000
 2011.723174   54.600000
 2011.799886   48.300000
 2011.873973   43.000000
 2011.947945   48.600000
 2012.021858   48.900000
 2012.098361   53.200000
 2012.172131   41.900000
 2012.245788   43.700000
 2012.322291   48.300000
 2012.396061   63.400000
 2012.469832   66.100000
 2012.543602   65.200000
 2012.620105   66.100000
 2012.693875   59.300000
 2012.767646   72.400000
 2012.841416   75.000000
 2012.918033   73.900000
 2012.991803   72.400000
 2013.065753   70.800000
 2013.142466   73.600000
 2013.216324   73.600000
 2013.290297   73.700000
 2013.364269   60.800000
 2013.440982   50.900000
 2013.514954   65.500000
 2013.588927   64.200000
 2013.662900   55.900000
 2013.739612   62.500000
 2013.813584   57.600000
 2013.887671   44.900000
 2013.964384   51.900000
 2014.038356   58.000000
 2014.112329   66.200000
 2014.186187   39.400000
 2014.262900   46.500000
 2014.336872   39.400000
 2014.410845   33.600000
 2014.487557   27.300000
 2014.561530   48.600000
 2014.635502   53.100000
 2014.709475   60.000000
 2014.786187   65.100000
 2014.860274   56.000000
 2014.934247   53.700000
 2015.008219   51.200000
 2015.084932   44.000000
 2015.158904   37.400000
 2015.232763   32.000000
 2015.309475   30.500000
 2015.383447   34.500000
 2015.457420   29.000000
 2015.531393   24.800000
 2015.608105   25.400000
 2015.682078   23.700000
 2015.756050   24.000000
 2015.830023   28.300000
 2015.906849   27.700000
 2015.980822   29.900000
 2016.054645   32.400000
 2016.131148   28.000000
 2016.204804   27.500000
 2016.278575   22.600000
 2016.352345   23.600000
 2016.428848   23.800000
 2016.502618   24.900000
 2016.576389   26.100000
 2016.652892   26.500000
 2016.726662   27.300000
 2016.800433   27.600000
 2016.874317   24.000000
 2016.950820   22.800000
 2017.024658   23.300000
 2017.098630   16.700000
 2017.172603   14.400000
 2017.249201   12.200000
 2017.323174   10.400000
 2017.397146   10.800000
 2017.473858   13.400000
 2017.547831   12.300000
 2017.621804   10.100000
 2017.695776   11.300000
 2017.772489   11.100000
 2017.846575   10.900000
 2017.920548   11.000000
 2017.994521   10.000000
 2018.071233   11.300000
 2018.145205    8.900000
 2018.219064    9.400000
 2018.295776    6.600000
 2018.369749    2.900000
 2018.443721    4.800000
 2018.517694   11.600000
 2018.594406    5.500000
 2018.668379    3.500000
 2018.742352    7.600000
 2018.816324    8.000000
 2018.893151    8.700000
 2018.967123    8.300000
 2019.041096   10.700000
 2019.117808    8.600000
 2019.191667    9.300000
 2019.265639   10.000000
 2019.339612    9.400000
 2019.416324    6.500000
 2019.490297    6.100000
 2019.564269    6.800000
 2019.640982    4.700000
 2019.714954    2.400000
 2019.788927    3.400000
 2019.863014    4.800000
 2019.939726    7.700000
 2020.013661    6.600000
 2020.087432    4.800000
 2020.161202    3.600000
 2020.237591    3.900000
 2020.311362    2.400000
 2020.385132    5.400000
 2020.461635    0.500000
 2020.535405    5.500000
 2020.609176    3.500000
 2020.682946    5.800000
 2020.759449   11.500000
 2020.833219    9.200000
 2020.907104   19.600000
 2020.980874   12.400000
 2021.057534   13.300000
 2021.131507   13.600000
 2021.205365   14.000000
 2021.282078   13.900000
 2021.356050    7.500000
 2021.430023    9.600000
 2021.503995    5.400000
 2021.580708    6.000000
 2021.654680   15.100000
 2021.728653    9.800000
 2021.802626   11.500000
 2021.879452   22.400000
 2021.953425   28.200000
 2022.027397   37.600000
 2022.104110   33.700000
 2022.178082   24.700000
 2022.251941   39.600000
 2022.325913   59.000000
 2022.402626   65.300000
 2022.476598   73.100000
 2022.550571   73.800000
 2022.627283   72.200000
 2022.701256   70.100000
 2022.775228   75.100000
 2022.849315   75.100000
 2022.926027   54.900000
 2023.000000   73.500000
 2023.073973   74.100000
 2023.147945   74.600000
 2023.224543   74.200000
 2023.298516   72.700000
 2023.372489   68.100000
 2023.449201   69.200000
 2023.523174   71.600000
 2023.597146   74.200000
 2023.671119   74.900000
 2023.747831   69.900000
 2023.821804   54.600000
 2023.895890   53.700000
 2023.969863   62.400000
 2024.046448   51.800000
 2024.120219   66.900000
 2024.193875   64.300000
 2024.270378   53.700000
 2024.344148   63.000000
